        1  23.894157  114.509115     2.772       11.8     1371.3    -1456.2    112.2    100.2     66.5 2025  5 20 23 59 59.520  0.0   2
        2  23.893740  114.510042     4.877      106.3     1325.2      649.2     99.2     81.6     61.6 2025  5 21  0 59 59.440  0.0   2
        3  23.895479  114.509635     7.032       64.3     1517.8     2804.2     95.8    114.3     85.0 2025  5 21  1 59 59.420  0.0   2
        4  23.894676  114.514372     9.110      547.2     1428.9     4882.2    140.2     93.2     41.0 2025  5 21  2 59 59.420  0.0   2
        8  23.879999  114.519157     3.724     1034.3     -196.7     -504.2    177.8    161.4     87.0 2025  5 21  6  0  2.690  0.0   2
       10  23.918323  114.499308     0.344     -987.1     4047.9    -3883.5    166.6    184.4    154.0 2025  5 21  8  0  5.110  0.0   2
       11  23.894037  114.518693     2.667      987.1     1358.0    -1561.3     83.9     97.4     71.9 2025  5 21  9 59 59.510  0.0   2
       12  23.892739  114.519279     5.222     1046.5     1214.4      994.2     96.4     84.4     73.4 2025  5 21 10 59 59.350  0.0   2
       13  23.894240  114.518416     7.304      958.7     1380.6     3076.3    100.2    113.3     76.9 2025  5 21 11 59 59.350  0.0   2
       17  23.874217  114.508700    10.232      -31.1     -837.2     6003.4    502.9    274.0    137.7 2025  5 21 15  0  0.250  0.0   2
       19  23.917365  114.480135     5.497    -2939.7     3941.7     1269.3    368.4    291.9    116.0 2025  5 21 17  0  3.000  0.0   2
       21  23.890381  114.525122     2.565     1642.0      953.1    -1663.1    106.4    107.1     70.5 2025  5 21 19 59 59.520  0.0   2
       22  23.888869  114.524007     4.952     1528.3      785.7      724.3     89.3     86.6     47.7 2025  5 21 20 59 59.400  0.0   2
       23  23.891026  114.525936     7.147     1724.7     1024.5     2918.7    135.2    100.0     74.6 2025  5 21 21 59 59.360  0.0   2
       24  23.893781  114.534049     9.359     2550.6     1329.6     5130.9    259.0    158.6    126.3 2025  5 21 22 59 59.320  0.0   2
       28  23.922148  114.557796     8.327     4968.6     4471.5     4098.6    972.4    841.3    646.8 2025  5 22  2  0  0.940  0.0   2
       29  23.883394  114.509587     9.329       59.4      179.3     5101.3    221.9    256.1     53.7 2025  5 22  3  0  1.670  0.0   2
       31  23.887567  114.535319     3.163     2680.6      641.6    -1065.6    141.4    116.4     97.6 2025  5 22  5 59 59.360  0.0   2
       32  23.884377  114.529476     5.001     2085.6      288.3      772.8     95.0     74.4     86.0 2025  5 22  6 59 59.370  0.0   2
       33  23.887354  114.536255     7.192     2775.3      617.8     2963.7    126.3    124.4     86.9 2025  5 22  7 59 59.320  0.0   2
       34  23.886080  114.536938     9.278     2845.0      476.8     5049.7    235.9    180.0    119.5 2025  5 22  8 59 59.410  0.0   2
       37  23.879854  114.526831    10.924     1815.6     -212.7     6695.9    217.8    128.5     48.7 2025  5 22 11  0  0.060  0.0   2
       40  23.839419  114.531014     1.077     2241.9    -4691.2    -3151.5    232.2    202.5    147.8 2025  5 22 14  0  4.850  0.0   2
       41  23.877051  114.530347     2.716     2174.1     -523.3    -1511.7     96.2     88.1     62.1 2025  5 22 15 59 59.550  0.0   2
       42  23.878046  114.533162     4.954     2460.5     -413.0      725.4    100.0     64.2     77.5 2025  5 22 16 59 59.400  0.0   2
       43  23.877389  114.530143     7.294     2153.0     -485.8     3065.7    208.1    152.6    121.8 2025  5 22 17 59 59.440  0.0   2
       45  23.877122  114.529004    10.716     2037.6     -515.4     6488.2    183.8     99.4     43.6 2025  5 22 19 59 59.560  0.0   2
       49  23.866280  114.561637     0.758     5360.7    -1716.1    -3469.1    222.5    266.1    450.3 2025  5 22 23  0  3.380  0.0   2
       50  23.899170  114.520475     2.907     1168.6     1926.6    -1320.8    182.3    210.0    113.7 2025  5 23  0  0  4.090  0.0   2
       51  23.869344  114.528670     2.646     2003.2    -1376.9    -1582.0     93.1     80.4     63.9 2025  5 23  1 59 59.550  0.0   2
       52  23.871991  114.534090     5.119     2555.7    -1083.6      891.2    116.4     60.0     97.4 2025  5 23  2 59 59.260  0.0   2
       53  23.869128  114.529484     7.643     2086.1    -1400.7     3414.6    218.8    164.5     98.6 2025  5 23  3 59 59.340  0.0   2
       54  23.869749  114.529850     8.942     2123.4    -1331.9     4713.6    514.7    298.0    146.8 2025  5 23  4 59 59.420  0.0   2
       55  23.870962  114.529606    10.695     2098.3    -1197.6     6466.4    175.5    111.5     51.1 2025  5 23  5 59 59.560  0.0   2
       56  23.921834  114.474089     2.275    -3554.8     4436.8    -1952.8    203.7    162.4     89.6 2025  5 23  6  0  2.800  0.0   2
       59  23.936774  114.480168     1.758    -2935.7     6091.5    -2469.7    196.8    263.8    160.6 2025  5 23  9  0  4.350  0.0   2
       61  23.863544  114.524235     2.582     1551.7    -2019.2    -1646.0     90.5     63.3     66.7 2025  5 23 11 59 59.580  0.0   2
       62  23.865074  114.528597     4.934     1995.6    -1849.7      705.7    124.6     84.2     74.1 2025  5 23 12 59 59.400  0.0   2
       63  23.862559  114.523592     7.067     1486.5    -2128.2     2839.1    209.6    135.0    105.8 2025  5 23 13 59 59.420  0.0   2
       64  23.867192  114.534587    11.416     2606.0    -1615.2     7187.9    264.1    168.6     70.9 2025  5 23 14 59 58.780  0.0   2
       70  23.855404  114.539933     3.750     3150.3    -2920.9     -477.9    195.8    185.4    105.2 2025  5 23 20  0  3.820  0.0   2
       71  23.859786  114.517179     2.637      833.1    -2435.4    -1591.4     66.0     67.2     70.7 2025  5 23 21 59 59.520  0.0   2
       72  23.860897  114.520882     4.573     1210.5    -2312.3      345.3    145.9     85.6     55.4 2025  5 23 22 59 59.500  0.0   2
       73  23.859245  114.518050     7.450      921.5    -2495.2     3222.0    180.3    121.4     71.4 2025  5 23 23 59 59.320  0.0   2
       74  23.859871  114.521891     9.109     1313.0    -2425.9     4880.6    236.6    129.2    105.8 2025  5 24  0 59 59.410  0.0   2
       76  23.858419  114.508708    13.169      -29.6    -2586.8     8941.4    405.5    276.2    109.5 2025  5 24  2 59 59.400  0.0   2
       80  23.858362  114.516423     7.873      756.1    -2593.3     3644.7    282.5    206.8     92.4 2025  5 24  6  0  2.630  0.0   2
       81  23.858101  114.510303     2.786      132.4    -2622.0    -1442.0     70.9     71.1     75.2 2025  5 24  7 59 59.500  0.0   2
       83  23.859047  114.517839     8.404      900.0    -2517.1     4176.3    197.6    128.2     76.9 2025  5 24  9 59 59.110  0.0   2
       84  23.855894  114.511849     9.720      289.9    -2866.4     5491.7    198.8    166.8     89.0 2025  5 24 10 59 59.310  0.0   2
       86  23.854683  114.500521     9.649     -863.4    -3000.5     5421.1    155.9    175.8     86.5 2025  5 24 11 59 59.780  0.0   2
       87  23.822021  114.520557     4.281     1177.3    -6618.1       53.1    156.5    157.7     60.4 2025  5 24 13  0  2.130  0.0   2
       91  23.859875  114.505420     3.265     -364.8    -2425.5     -963.1     69.6     73.4     61.6 2025  5 24 17 59 59.400  0.0   2
       92  23.859519  114.501750     5.451     -738.9    -2465.0     1222.8     95.0     88.4     77.4 2025  5 24 18 59 59.320  0.0   2
       93  23.860441  114.504069     7.531     -502.4    -2362.9     3303.1     97.5    140.5     97.6 2025  5 24 19 59 59.280  0.0   2
       98  23.834536  114.504468     9.367     -461.4    -5232.1     5139.3    226.5    154.3    100.3 2025  5 25  0  0  1.210  0.0   2
       99  23.802081  114.527230     1.071     1857.3    -8826.5    -3156.1    169.2    231.8     96.4 2025  5 25  1  0  4.710  0.0   2
      101  23.864482  114.498543     3.548    -1065.1    -1915.3     -680.5     75.5     75.5     73.1 2025  5 25  3 59 59.410  0.0   2
      102  23.864581  114.496956     5.754    -1226.5    -1904.4     1525.8     94.3     84.5     86.1 2025  5 25  4 59 59.260  0.0   2
      103  23.864976  114.497860     7.707    -1135.0    -1860.7     3478.5     99.8    146.6     57.4 2025  5 25  5 59 59.290  0.0   2
      105  23.859062  114.491243    12.082    -1808.4    -2515.7     7853.4    159.9    129.6     90.3 2025  5 25  7 59 59.120  0.0   2
      108  23.885168  114.481632     6.818    -2787.2      375.8     2589.7    199.5    109.4     74.9 2025  5 25 10  0  1.800  0.0   2
      109  23.933681  114.509774     4.903       78.8     5748.9      674.6    296.1    270.5    186.8 2025  5 25 11  0  3.150  0.0   2
      110  23.920815  114.490373     7.689    -1896.8     4323.9     3460.8    317.3    425.1    124.5 2025  5 25 12  0  3.030  0.0   2
      111  23.870583  114.492952     3.796    -1634.1    -1239.6     -432.2     71.3     79.4     91.6 2025  5 25 13 59 59.330  0.0   2
      112  23.872196  114.495158     6.008    -1410.2    -1061.0     1780.3     87.3     81.4     50.4 2025  5 25 14 59 59.260  0.0   2
      113  23.863940  114.491447     7.333    -1788.2    -1975.2     3104.5    176.1    185.8    125.7 2025  5 25 15 59 59.330  0.0   2
      114  23.866687  114.491447     9.151    -1788.3    -1671.0     4922.6    329.5    246.2    142.0 2025  5 25 16 59 59.420  0.0   2
      117  23.815422  114.532251     2.929     2368.5    -7349.1    -1299.3    239.0    199.6    102.8 2025  5 25 19  0  2.720  0.0   2
      119  23.905927  114.487427     2.656    -2197.1     2674.9    -1572.2    182.1    134.9    117.9 2025  5 25 21  0  3.700  0.0   2
      121  23.875458  114.488485     3.043    -2089.2     -699.8    -1185.1     80.0     89.5     91.9 2025  5 25 23 59 59.440  0.0   2
      122  23.876233  114.493042     4.986    -1625.7     -613.8      757.5     74.1     68.5    122.1 2025  5 26  0 59 59.340  0.0   2
      123  23.881875  114.498226     8.127    -1097.3       11.0     3898.8    170.5    177.3    102.1 2025  5 26  1 59 59.190  0.0   2
      127  23.826082  114.536361     4.792     2787.3    -6168.3      563.9    163.5    129.1    116.3 2025  5 26  5  0  2.250  0.0   2
      128  23.865953  114.508561     6.425      -45.1    -1752.4     2197.3    105.1    141.4     60.4 2025  5 26  6  0  1.960  0.0   2
      129  23.782444  114.499194     8.623     -999.0   -11001.6     4394.5    366.1    417.8    221.9 2025  5 26  7  0  2.330  0.0   2
      131  23.881757  114.493221     3.831    -1607.3       -2.1     -397.3    112.9     88.9     38.9 2025  5 26  9 59 59.320  0.0   2
      132  23.882753  114.491992     5.097    -1731.8      108.3      868.4     75.3     60.0     47.1 2025  5 26 10 59 59.380  0.0   2
      133  23.884060  114.492253     7.008    -1705.3      253.1     2779.4    173.6    138.9     82.6 2025  5 26 11 59 59.450  0.0   2
      134  23.884013  114.494718     9.122    -1454.6      248.0     4893.8    172.5    171.1    100.1 2025  5 26 12 59 59.460  0.0   2
      136  23.810500  114.532048     1.478     2347.5    -7894.1    -2749.8    130.5    157.1    115.8 2025  5 26 14  0  2.900  0.0   2
      139  23.843831  114.533472     1.005     2492.4    -4202.4    -3222.8    176.7    151.7     74.9 2025  5 26 17  0  4.420  0.0   2
      140  23.847640  114.513737     2.508      482.3    -3780.7    -1720.4    210.7    210.5    126.2 2025  5 26 18  0  4.320  0.0   2
      141  23.889687  114.496094     2.694    -1314.7      876.4    -1534.6    131.1    115.4     99.7 2025  5 26 19 59 59.480  0.0   2
      142  23.888088  114.495337     4.894    -1391.2      699.1      666.3     72.8     56.4     28.4 2025  5 26 20 59 59.440  0.0   2
      143  23.893213  114.500269     7.144     -889.3     1266.8     2916.3    116.3     82.0     47.3 2025  5 26 21 59 59.400  0.0   2
      148  23.904616  114.512402    11.066      346.5     2529.9     6837.7    901.5   1179.5    355.3 2025  5 27  2  0  0.590  0.0   2
      149  23.844289  114.532308     1.679     2373.8    -4151.8    -2549.2    192.1    159.6    120.2 2025  5 27  3  0  4.240  0.0   2
      150  23.862022  114.525741     2.440     1705.2    -2187.8    -1787.9    276.3     75.0     62.8 2025  5 27  4  0  4.500  0.0   2
      151  23.893235  114.502173     2.549     -695.5     1269.3    -1679.4    124.0     95.2     57.8 2025  5 27  5 59 59.960  0.0   2
      152  23.894069  114.504525     4.614     -455.6     1361.8      385.5     92.4     78.2     78.2 2025  5 27  6 59 59.450  0.0   2
      153  23.891530  114.502197     6.877     -692.8     1080.4     2649.1    120.2     81.5     81.2 2025  5 27  7 59 59.460  0.0   2
      154  23.896041  114.510824     9.383      186.0     1580.1     5154.4    140.1     94.7     39.9 2025  5 27  8 59 59.360  0.0   2
      158  23.820109  114.545825     5.345     3751.6    -6829.8     1117.4    171.4    217.9    106.1 2025  5 27 12  0  2.800  0.0   2
      159  23.869586  114.547445     0.077     3915.5    -1350.0    -4149.6    128.8    195.8    584.2 2025  5 27 13  0  3.930  0.0   2
      161  23.915474  114.513558     2.610      464.2     3732.5    -1618.3    185.5    122.3    140.1 2025  5 27 15 59 59.480  0.0   2
      162  23.916113  114.513989     5.142      508.0     3803.1      913.8    137.9    183.5    111.2 2025  5 27 16 59 59.360  0.0   2
      163  23.919867  114.506014     9.012     -304.0     4218.8     4784.3    437.1    305.5    110.2 2025  5 27 17 59 58.920  0.0   2
      164  23.918270  114.510457    10.077      148.6     4042.1     5848.7    504.1    308.2    143.3 2025  5 27 18 59 59.160  0.0   2
      168  23.828534  114.538647     4.015     3020.1    -5896.7     -213.1    160.6    100.2    116.4 2025  5 27 22  0  3.520  0.0   2
      170  23.921751  114.501994     1.197     -713.7     4427.7    -3031.2    193.1    178.0    103.0 2025  5 28  0  0  4.600  0.0   2
      171  23.912852  114.528418     2.942     1977.1     3442.0    -1285.8    159.1    194.7    177.7 2025  5 28  1 59 59.400  0.0   2
      172  23.912089  114.527979     4.821     1932.5     3357.5      592.5     88.1    181.1    105.7 2025  5 28  2 59 59.410  0.0   2
      173  23.913021  114.526603     7.112     1792.9     3460.7     2884.1    176.0    171.1    120.3 2025  5 28  3 59 59.380  0.0   2
      174  23.912122  114.526457     9.067     1777.3     3361.0     4838.8    209.8    332.1    123.6 2025  5 28  4 59 59.400  0.0   2
      176  23.911045  114.529744    12.094     2112.4     3241.8     7866.1    131.5    179.4     75.7 2025  5 28  6 59 59.720  0.0   2
      181  23.904919  114.543742     3.039     3538.3     2563.5    -1188.8    173.9    332.7    181.0 2025  5 28 11 59 59.390  0.0   2
      183  23.904008  114.537769     7.637     2929.3     2462.4     3409.3    125.1    127.0     96.1 2025  5 28 13 59 59.350  0.0   2
      184  23.904610  114.539022     8.647     3057.3     2529.1     4419.3    128.4    124.3    104.8 2025  5 28 14 59 59.540  0.0   2
      190  23.940371  114.488916     9.826    -2045.3     6489.9     5598.1    463.8    470.3    159.5 2025  5 28 20  0  2.480  0.0   2
      194  23.892692  114.551147     9.218     4292.5     1209.1     4989.5    216.7    232.7    128.2 2025  5 29  0 59 59.430  0.0   2
      196  23.888615  114.533398     8.421     2484.6      757.6     4193.3    161.8    195.2     89.1 2025  5 29  2  0  0.230  0.0   2
      197  23.920504  114.505160     0.758     -391.5     4289.6    -3470.6    118.4    169.5    111.9 2025  5 29  3  0  3.300  0.0   2
      200  23.843182  114.528890     1.062     2025.8    -4274.4    -3165.6    127.3     93.0    157.0 2025  5 29  6  0  4.690  0.0   2
      201  23.843388  114.530509     3.187     2191.0    -4251.5    -1041.1    259.9    176.4     89.0 2025  5 29  7  0  4.810  0.0   2
      202  23.877688  114.548250     6.490     3997.7     -452.8     2261.6    242.8    249.4    126.3 2025  5 29  8 59 59.130  0.0   2
      203  23.874463  114.522648     9.146     1390.2     -809.8     4918.2    612.9    317.7    161.8 2025  5 29  9 59 58.980  0.0   2
      204  23.876005  114.548348    10.153     4007.8     -639.1     5924.6    358.7    244.7    146.5 2025  5 29 10 59 59.160  0.0   2
      205  23.872900  114.539844    11.887     3141.2     -982.9     7658.5    259.2    188.4     84.8 2025  5 29 11 59 59.340  0.0   2
      207  23.875462  114.540348     9.309     3192.3     -699.2     5081.1    325.0    392.6    108.3 2025  5 29 13  0  0.540  0.0   2
      211  23.864722  114.548600     2.865     4033.7    -1888.6    -1363.2    159.5    179.4    130.6 2025  5 29 17 59 59.440  0.0   2
      212  23.862431  114.541715     5.023     3332.1    -2142.5      795.0    174.1    120.8     94.2 2025  5 29 18 59 59.460  0.0   2
      214  23.861605  114.541211     6.068     3281.1    -2234.1     1840.3    212.7    154.0     99.1 2025  5 29 19 59 59.720  0.0   2
      216  23.862923  114.536841     8.110     2835.3    -2087.9     3881.8    351.2    225.2    136.1 2025  5 29 22  0  0.240  0.0   2
      217  23.856116  114.520280    11.049     1148.5    -2841.9     6820.6    732.9    369.6    182.2 2025  5 29 23  0  0.060  0.0   2
      220  23.815190  114.524455     1.376     1574.6    -7374.8    -2851.9    149.6    119.2     72.6 2025  5 30  2  0  4.700  0.0   2
      221  23.851597  114.538916     2.294     3046.7    -3342.5    -1933.9    128.0    139.2    119.6 2025  5 30  3 59 59.610  0.0   2
      222  23.850602  114.537199     4.509     2871.9    -3452.5      281.3    218.0    163.4     78.9 2025  5 30  4 59 59.420  0.0   2
      223  23.850047  114.535693     7.003     2718.5    -3514.1     2774.9    445.9    180.4    123.9 2025  5 30  5 59 59.370  0.0   2
      224  23.847516  114.537459     9.266     2898.9    -3794.3     5037.8    582.9    379.3    134.0 2025  5 30  6 59 59.360  0.0   2
      226  23.769415  114.515641     8.390      676.6   -12444.6     4162.0    778.4    536.6    357.8 2025  5 30  8  0  0.300  0.0   2
      229  23.902114  114.505200     3.307     -386.7     2252.6     -921.2    316.7    232.6    161.0 2025  5 30 11  0  3.790  0.0   2
      230  23.911302  114.503003     3.744     -610.9     3270.2     -484.3    298.3    295.0    108.7 2025  5 30 12  0  4.400  0.0   2
      231  23.845957  114.528857     2.683     2022.7    -3967.0    -1544.6    169.6    135.6    105.7 2025  5 30 13 59 59.550  0.0   2
      232  23.842883  114.526424     5.001     1774.8    -4307.5      772.9    220.1    157.2     83.1 2025  5 30 14 59 59.380  0.0   2
      233  23.839827  114.526058     6.972     1737.7    -4645.9     2744.7    241.5    117.7     85.5 2025  5 30 15 59 59.460  0.0   2
      235  23.843892  114.519442     7.176     1063.4    -4195.8     2947.7    147.7    114.7     87.3 2025  5 30 16 59 59.900  0.0   2
      236  23.843913  114.524976    10.046     1627.2    -4193.4     5818.0    563.0    195.9    137.7 2025  5 30 17 59 59.760  0.0   2
      239  23.821185  114.531071     2.478     2248.2    -6710.8    -1750.1    145.1    123.4     89.5 2025  5 30 21  0  3.700  0.0   2
      241  23.841612  114.515422     3.412      653.8    -4448.3     -815.9    278.3    230.1    168.0 2025  5 30 23 59 59.440  0.0   2
      242  23.841221  114.509562     5.579       56.9    -4491.5     1351.3    131.5    187.4    110.7 2025  5 31  0 59 59.270  0.0   2
      243  23.839001  114.513590     7.215      467.4    -4737.5     2986.7    166.6    128.0     77.6 2025  5 31  1 59 59.370  0.0   2
      244  23.840061  114.494865     9.644    -1439.8    -4620.0     5415.9    135.6    136.8     95.9 2025  5 31  2 59 59.160  0.0   2
      248  23.846023  114.530306     1.569     2170.5    -3959.7    -2658.6    136.9    119.0     89.4 2025  5 31  6  0  3.370  0.0   2
      249  23.805861  114.531974     0.943     2340.1    -8407.9    -3285.4    154.9    183.1     69.3 2025  5 31  7  0  4.220  0.0   2
      250  23.764992  114.511450     9.614      249.5   -12934.4     5385.5    736.3    560.6    368.6 2025  5 31  8  0  2.070  0.0   2
      251  23.871311  114.513892     1.872      498.4    -1158.9    -2355.9    222.8    261.7    134.7 2025  5 31  9  0  5.150  0.0   2
      252  23.843213  114.499194     6.358     -998.7    -4270.9     2129.7    136.3    215.8     87.3 2025  5 31 10 59 59.210  0.0   2
      253  23.841905  114.500968     8.576     -818.5    -4415.8     4347.5    142.2    172.1     80.7 2025  5 31 11 59 59.130  0.0   2
      255  23.844865  114.488558    10.295    -2082.7    -4088.0     6066.8    162.8    187.6     86.8 2025  5 31 13 59 59.580  0.0   2
      257  23.877295  114.500187    10.888     -897.4     -496.2     6659.8    404.5    284.2    143.9 2025  5 31 15  0  0.310  0.0   2
      259  23.816209  114.529565     2.174     2094.8    -7261.7    -2053.8    143.9    119.9    113.6 2025  5 31 17  0  3.880  0.0   2
      261  23.842078  114.523568     0.536     1484.1    -4396.6    -3691.3    112.0    119.0     96.7 2025  5 31 19  0  5.340  0.0   2
      263  23.881527  114.505656     4.381     -340.6      -27.6      153.2    141.1    180.3     85.7 2025  5 31 21  0  0.360  0.0   2
      264  23.878054  114.501196     4.404     -795.2     -412.1      175.5    109.1    107.8     53.6 2025  5 31 22  0  0.640  0.0   2
      265  23.883590  114.505404     4.430     -366.5      201.0      202.1    133.6    167.0     90.3 2025  5 31 23  0  1.080  0.0   2
      266  23.852738  114.493481    12.368    -1581.1    -3216.0     8139.6    169.8    128.2     87.4 2025  6  1  0 59 59.760  0.0   2
      268  23.898820  114.506144     5.618     -291.2     1887.8     1389.7    180.6    200.1     78.7 2025  6  1  2  0  2.380  0.0   2
      270  23.883197  114.510352     2.068      137.2      157.5    -2160.4    155.6    173.7     64.4 2025  6  1  4  0  4.580  0.0   2
      274  23.847555  114.451562     9.680    -5850.9    -3790.1     5451.7    401.0    406.3    313.0 2025  6  1  8 59 58.870  0.0   2
      279  23.921755  114.466048     3.449    -4374.0     4428.0     -778.9    171.6    264.1    107.9 2025  6  1 13  0  3.740  0.0   2
      280  23.918473  114.493693     3.338    -1559.1     4064.6     -890.3    235.7    255.8    109.8 2025  6  1 14  0  4.300  0.0   2
      282  23.892723  114.493872     1.846    -1540.9     1212.5    -2382.5    131.8    122.5    108.7 2025  6  1 16  0  0.430  0.0   2
      285  23.877553  114.470044    10.874    -3967.4     -467.5     6645.6    215.8    172.2    102.1 2025  6  1 19 59 59.520  0.0   2
      288  23.885154  114.561304     8.331     5326.9      374.2     4102.7    179.4    180.2     78.7 2025  6  1 22  0  1.480  0.0   2
      291  23.843577  114.530176     0.900     2156.5    -4230.6    -3327.8    100.5    100.1     87.1 2025  6  2  1  0  5.550  0.0   2
      292  23.890039  114.472965     5.485    -3670.0      915.3     1256.6    179.2    138.3     97.6 2025  6  2  2 59 59.310  0.0   2
      293  23.892700  114.475570     7.448    -3404.8     1210.1     3220.2    182.4    121.0     95.7 2025  6  2  3 59 59.360  0.0   2
      294  23.888377  114.471354     9.380    -3834.4      731.3     5152.2    245.8    230.0    134.0 2025  6  2  4 59 59.380  0.0   2
      296  23.843150  114.530786     1.150     2218.7    -4277.9    -3077.7    167.7    136.2     67.8 2025  6  2  6  0  3.180  0.0   2
      299  23.874799  114.507381     4.513     -165.2     -772.6      284.6    154.6    170.0     93.8 2025  6  2  9  0  3.090  0.0   2
      300  23.876835  114.506991     3.890     -204.4     -547.2     -337.7    105.2    117.4     88.8 2025  6  2 10  0  3.800  0.0   2
      301  23.900199  114.483146     2.979    -2633.2     2040.7    -1249.2    186.6    164.9    109.1 2025  6  2 11 59 59.500  0.0   2
      302  23.904165  114.478328     5.287    -3123.5     2479.8     1058.8    357.3    274.7    192.3 2025  6  2 12 59 59.360  0.0   2
      303  23.906622  114.483187     7.315    -2629.2     2752.0     3086.5    264.3    286.9    141.5 2025  6  2 13 59 59.350  0.0   2
      304  23.884727  114.460750    10.196    -4913.9      326.9     5968.2    133.8    215.7    100.0 2025  6  2 14 59 58.910  0.0   2
      305  23.879028  114.457104    11.286    -5285.2     -304.2     7057.8    367.6    435.7    176.0 2025  6  2 15 59 59.300  0.0   2
      310  23.882068  114.517472     2.014      862.6       32.4    -2214.3    196.2    185.8     98.2 2025  6  2 20  0  4.480  0.0   2
      311  23.910215  114.498405     2.810    -1078.9     3149.9    -1418.2    147.1    137.5     84.5 2025  6  2 21 59 59.480  0.0   2
      312  23.910565  114.492106     4.749    -1720.4     3188.7      521.2    262.5    199.0     98.4 2025  6  2 22 59 59.500  0.0   2
      313  23.911993  114.494027     7.052    -1524.9     3346.9     2823.7    269.9    251.5    123.7 2025  6  2 23 59 59.420  0.0   2
      314  23.906934  114.492131     9.269    -1717.6     2786.6     5041.0    502.4    283.1    119.5 2025  6  3  0 59 59.370  0.0   2
      315  23.907137  114.494824    10.772    -1443.3     2809.1     6543.8    652.9    535.9    198.1 2025  6  3  1 59 59.530  0.0   2
      321  23.936847  114.514347     3.005      544.7     6099.5    -1223.0    223.4    209.3    197.0 2025  6  3  7 59 59.350  0.0   2
      322  23.928853  114.509863     4.791       87.7     5214.3      562.7    196.9    396.8    190.2 2025  6  3  8 59 59.420  0.0   2
      324  23.932369  114.511011     9.756      204.8     5603.6     5528.0    384.1    358.5    148.1 2025  6  3 10 59 59.250  0.0   2
      325  23.933730  114.509155    12.033       16.1     5754.5     7804.7    309.5    336.6    139.4 2025  6  3 11 59 59.200  0.0   2
      326  23.933429  114.507747    13.655     -127.7     5720.9     9426.5    336.8    360.6    138.7 2025  6  3 12 59 59.250  0.0   2
      328  23.883868  114.516838     0.565      798.0      231.9    -3662.7    146.3    178.0     93.2 2025  6  3 14  0  3.750  0.0   2
      332  23.928186  114.540055     4.714     3162.5     5140.3      486.4    154.3    181.3    138.9 2025  6  3 18 59 59.360  0.0   2
      334  23.922461  114.526880     9.448     1820.4     4506.2     5220.0    215.6    325.8    124.3 2025  6  3 20 59 59.400  0.0   2
      339  23.820380  114.528695     1.582     2006.6    -6799.8    -2645.9    189.6    172.5     99.4 2025  6  4  1  0  5.100  0.0   2
      340  23.917224  114.490088     3.239    -1925.9     3926.2     -989.4    220.5    215.7    119.4 2025  6  4  2  0  4.090  0.0   2
      342  23.914581  114.556844     5.806     4872.2     3633.5     1577.5     92.8    118.1    115.8 2025  6  4  4 59 59.170  0.0   2
      348  23.890208  114.525155     3.383     1645.2      934.0     -845.2    175.4    195.9    119.8 2025  6  4 10  0  3.020  0.0   2
      352  23.920827  114.581925     6.730     7426.2     4325.2     2502.4    420.1    504.4    412.4 2025  6  4 14 59 58.560  0.0   2
      359  23.850376  114.515926     7.070      705.1    -3477.7     2841.6    200.3    191.9     62.3 2025  6  4 21  0  2.580  0.0   2
      360  23.844444  114.520907     5.618     1213.1    -4134.6     1390.2    238.9    180.7     77.4 2025  6  4 22  0  3.580  0.0   2
      362  23.878695  114.563322     7.112     5532.4     -341.3     2884.2    167.8    220.3    122.1 2025  6  5  0 59 59.070  0.0   2
      363  23.877004  114.567985     9.104     6007.1     -528.4     4875.8    130.7    205.4    135.2 2025  6  5  1 59 58.960  0.0   2
      366  23.871940  114.562476     9.991     5446.7    -1089.3     5763.1    191.9    224.4    118.2 2025  6  5  3 59 59.850  0.0   2
      371  23.853078  114.570410     2.939     6255.3    -3178.4    -1289.5    141.2    288.5    200.1 2025  6  5  9 59 59.340  0.0   2
      372  23.854639  114.563566     5.211     5557.9    -3005.5      983.4    134.4    234.0    110.8 2025  6  5 10 59 59.410  0.0   2
      373  23.854071  114.567554     8.343     5964.2    -3068.4     4115.4    222.0    165.3    129.7 2025  6  5 11 59 59.040  0.0   2
      378  23.928302  114.517627     6.960      878.5     5153.2     2731.7    318.3    572.3    211.7 2025  6  5 16  0  2.640  0.0   2
      380  23.839598  114.534326     1.558     2579.5    -4671.5    -2670.0    182.9    121.1    194.8 2025  6  5 18  0  4.400  0.0   2
      381  23.840885  114.560303     2.996     5225.8    -4528.9    -1231.8     95.5    203.8    127.2 2025  6  5 19 59 59.280  0.0   2
      382  23.840167  114.554289     4.796     4612.8    -4608.3      567.6    178.9    312.6    121.3 2025  6  5 20 59 59.400  0.0   2
      383  23.836892  114.553035     7.000     4485.3    -4971.1     2771.7    145.8    128.5    105.2 2025  6  5 21 59 59.320  0.0   2
      384  23.836849  114.552441     8.644     4425.0    -4975.8     4416.0    248.3    244.4    128.6 2025  6  5 22 59 59.560  0.0   2
      389  23.843298  114.547404     4.871     3912.1    -4261.5      643.2    211.8    345.8    110.5 2025  6  6  3  0  2.910  0.0   2
      392  23.826048  114.531901     4.714     2332.6    -6172.2      485.6    163.6    112.8     57.5 2025  6  6  6 59 59.470  0.0   2
      393  23.826919  114.526652     6.633     1797.8    -6075.7     2405.0    643.6    284.9    140.2 2025  6  6  7 59 59.500  0.0   2
      395  23.887998  114.509342     2.987       35.1      689.3    -1241.5    191.0    130.6    130.2 2025  6  6  9  0  2.180  0.0   2
      396  23.814663  114.534180     2.336     2565.3    -7433.0    -1892.5    108.8    104.0     64.4 2025  6  6 10  0  1.910  0.0   2
      401  23.821619  114.509554     2.749       56.7    -6662.8    -1479.0    123.1    117.7    106.3 2025  6  6 15 59 59.470  0.0   2
      402  23.823551  114.507739     4.997     -128.8    -6448.7      769.4    156.3    197.0     83.9 2025  6  6 16 59 59.390  0.0   2
      403  23.821234  114.505249     7.252     -381.9    -6705.3     3024.2    242.5    162.7    168.7 2025  6  6 17 59 59.360  0.0   2
      404  23.821171  114.512093     8.616      314.9    -6712.2     4387.6    245.7    155.1    132.9 2025  6  6 18 59 59.480  0.0   2
      406  23.821187  114.510465     9.304      149.6    -6710.5     5075.5    245.6    162.8    121.5 2025  6  6 19 59 59.960  0.0   2
      407  23.874752  114.510889     3.884      192.5     -777.9     -343.6    185.4    208.3     96.5 2025  6  6 21  0  2.620  0.0   2
      410  23.915061  114.500545     0.682     -860.9     3686.7    -3546.5    120.3    107.2    144.0 2025  6  7  0  0  5.360  0.0   2
      413  23.822638  114.505379     3.717     -368.8    -6549.9     -510.8    114.0    158.8     72.9 2025  6  7  3  0  0.130  0.0   2
      418  23.808974  114.518530     3.506      971.1    -8063.0     -722.5    179.7    180.7     74.2 2025  6  7  8  0  2.910  0.0   2
      419  23.840804  114.506795    10.505     -224.7    -4537.8     6277.4    250.4    551.5    105.1 2025  6  7  9  0  1.430  0.0   2
      421  23.910409  114.504549     2.013     -453.3     3171.4    -2214.8    203.5    210.7    135.3 2025  6  7 11  0  5.640  0.0   2
      424  23.873767  114.495719     5.342    -1352.7     -887.0     1114.0     87.0     98.2     75.5 2025  6  7 14  0  0.730  0.0   2
      426  23.823564  114.517611     3.646      877.3    -6447.3     -581.9    129.4    130.4     73.1 2025  6  7 16  0  2.060  0.0   2
      428  23.917830  114.490234     2.695    -1910.8     3993.4    -1532.9    217.3    194.9    104.6 2025  6  7 18  0  3.800  0.0   2
      429  23.883714  114.457170     6.856    -5278.5      214.7     2628.0    278.7    201.5    170.6 2025  6  7 19  0  2.640  0.0   2
      431  23.856175  114.447518     6.940    -6262.7    -2835.4     2712.2     84.1     96.6    100.3 2025  6  7 21 59 58.760  0.0   2
      432  23.856335  114.452653     7.167    -5739.0    -2817.7     2938.9     86.9     95.5     98.6 2025  6  7 22 59 59.080  0.0   2
      433  23.870469  114.465715     8.589    -4408.4    -1252.1     4360.8    189.1    223.7    127.5 2025  6  7 23 59 59.500  0.0   2
      434  23.863108  114.455542     9.021    -5445.1    -2067.5     4792.6    391.9    458.5    305.4 2025  6  8  0 59 59.530  0.0   2
      440  23.888261  114.474943     7.092    -3468.4      718.4     2863.5    155.1    135.6     80.2 2025  6  8  6  0  3.040  0.0   2
      441  23.878615  114.441170    10.830    -6908.4     -350.1     6601.6    377.7    381.1    249.7 2025  6  8  7  0  2.350  0.0   2
      443  23.821973  114.524658     5.195     1594.7    -6623.5      966.5    267.1    237.3     73.0 2025  6  8  9  0  1.240  0.0   2
      446  23.883614  114.459326    10.367    -5059.1      203.8     6138.7    157.6    163.1    114.8 2025  6  8 11 59 59.820  0.0   2
      448  23.882994  114.467700     9.984    -4206.3      135.0     5756.2    195.7    177.2    111.6 2025  6  8 14  0  0.940  0.0   2
      449  23.927832  114.479460     6.235    -3008.1     5101.2     2006.5    440.7    600.2    146.3 2025  6  8 15  0  2.840  0.0   2
      451  23.898098  114.451782     3.726    -5827.2     1808.0     -502.3    150.7    214.9    175.2 2025  6  8 17 59 59.360  0.0   2
      452  23.896639  114.453166     5.805    -5686.1     1646.2     1577.0    159.5    175.2    136.2 2025  6  8 18 59 59.220  0.0   2
      453  23.899019  114.451693     8.403    -5836.1     1909.9     4174.7    267.5    321.3    185.5 2025  6  8 19 59 59.080  0.0   2
      457  23.904974  114.497640     5.998    -1157.0     2569.6     1769.7    387.6    279.4    115.6 2025  6  8 23  0  1.660  0.0   2
      458  23.920976  114.475586     5.500    -3402.3     4341.8     1272.0    427.8    329.4    125.0 2025  6  9  0  0  2.330  0.0   2
      460  23.881842  114.515324     4.333      644.0        7.5      104.4    209.1    214.4     68.8 2025  6  9  2  0  3.930  0.0   2
      463  23.928617  114.467000     7.414    -4276.7     5188.2     3186.1    362.1    617.8    182.7 2025  6  9  5 59 59.300  0.0   2
      465  23.815299  114.537817     6.921     2935.5    -7362.6     2692.8    278.8    419.5    117.6 2025  6  9  7  0  1.790  0.0   2
      471  23.927509  114.488924     2.542    -2044.0     5065.3    -1686.1    154.4    186.3     84.4 2025  6  9 13 59 59.620  0.0   2
      472  23.935551  114.494588     5.109    -1467.3     5956.1      880.8    446.6    370.8    200.9 2025  6  9 14 59 59.370  0.0   2
      474  23.931720  114.492285     9.208    -1701.8     5531.8     4979.5    376.8    474.0    136.9 2025  6  9 16 59 59.440  0.0   2
      479  23.933738  114.473112     4.851    -3654.0     5755.4      622.8    315.3    335.0    121.5 2025  6  9 21  0  2.960  0.0   2
      481  23.841571  114.526774     0.452     1810.4    -4452.9    -3775.3    127.3    121.9    114.3 2025  6  9 23  0  6.080  0.0   2
      482  23.956860  114.515055     5.378      616.5     8316.2     1149.5    364.3    284.7    272.4 2025  6 10  0 59 59.200  0.0   2
      483  23.956854  114.523584     8.678     1484.9     8315.4     4449.8    373.3    402.1    270.5 2025  6 10  1 59 58.810  0.0   2
      485  23.846600  114.529395     0.213     2077.0    -3895.7    -4014.4    107.8    115.1    121.5 2025  6 10  3  0  3.980  0.0   2
      491  23.928290  114.510148     1.852      116.8     5151.8    -2376.4    172.6    131.0    115.3 2025  6 10  9  0  5.080  0.0   2
      492  23.860065  114.545980     0.329     3766.7    -2404.5    -3898.4    203.1    174.1    422.6 2025  6 10 10  0  2.220  0.0   2
      501  23.900199  114.522038     2.243     1327.8     2040.5    -1984.9    122.0    154.1    115.7 2025  6 10 19  0  4.980  0.0   2
      502  23.925612  114.563932     6.133     5593.6     4855.3     1904.6     86.4    136.8    111.9 2025  6 10 20 59 59.340  0.0   2
      504  23.912427  114.525749     4.975     1705.6     3395.0      747.3    115.9    168.6     92.3 2025  6 10 22  0  0.680  0.0   2
      505  23.912297  114.546403     6.159     3808.5     3380.4     1930.6    117.6    144.3    136.3 2025  6 10 23  0  0.560  0.0   2
      507  23.855377  114.562191     8.907     5418.0    -2923.7     4679.3    146.5    196.0     75.8 2025  6 11  1  0  1.450  0.0   2
      509  23.912181  114.527189    12.923     1852.2     3367.7     8694.5    149.5    194.1     67.3 2025  6 11  3  0  0.920  0.0   2
      513  23.898450  114.570011     8.693     6213.6     1846.9     4465.0    221.5    386.8    162.7 2025  6 11  7 59 59.430  0.0   2
      516  23.873470  114.539486     5.162     3104.9     -919.8      934.3    222.2    113.5     92.0 2025  6 11 10  0  1.700  0.0   2
      528  23.826040  114.539176     6.358     3073.8    -6173.0     2129.5    373.3    331.4    148.5 2025  6 11 22  0  2.680  0.0   2
      530  23.949510  114.521549     8.889     1277.6     7502.1     4660.7    355.7    414.0    176.2 2025  6 12  0  0  2.960  0.0   2
      531  23.844940  114.580884     4.034     7322.2    -4079.7     -193.8     97.2    284.0    121.2 2025  6 12  1 59 59.320  0.0   2
      532  23.845536  114.587476     5.460     7993.6    -4013.7     1231.8     94.8    318.0    116.6 2025  6 12  2 59 59.240  0.0   2
      534  23.848901  114.557373     9.077     4926.9    -3640.9     4849.1    171.7    225.2     83.8 2025  6 12  4 59 59.710  0.0   2
      540  23.921619  114.480949     0.120    -2856.3     4412.9    -4108.1    154.7    232.0    320.6 2025  6 12 10  0  6.050  0.0   2
      541  23.828857  114.566553     3.374     5862.2    -5860.9     -853.8    161.9    223.6    176.6 2025  6 12 11 59 59.410  0.0   2
      547  23.909397  114.504777     2.921     -430.3     3059.3    -1307.5    208.4    164.5    108.4 2025  6 12 17  0  3.740  0.0   2
      548  23.919110  114.507373     1.914     -165.5     4135.1    -2314.4    172.1    223.0    107.5 2025  6 12 18  0  4.580  0.0   2
      551  23.842397  114.515991     2.096      712.3    -4361.3    -2132.3    159.4    194.3    162.1 2025  6 12 21  0  4.880  0.0   2
      553  23.807237  114.536369     7.796     2788.2    -8255.5     3567.8    398.9    279.7    122.9 2025  6 12 23 59 59.180  0.0   2
      556  23.911371  114.523218     4.666     1447.7     3277.9      438.2    151.0    211.2     87.0 2025  6 13  2  0  2.890  0.0   2
      558  23.848582  114.556258     6.292     4813.8    -3676.4     2064.4    111.5    213.9     83.5 2025  6 13  4  0  2.080  0.0   2
      559  23.913570  114.479224     1.409    -3032.4     3521.6    -2819.3    270.4    223.4    236.1 2025  6 13  5  0  5.510  0.0   2
      562  23.803697  114.511930     1.927      298.4    -8647.7    -2300.7    137.2    126.7    113.7 2025  6 13  7 59 59.880  0.0   2
      563  23.802535  114.510132     3.962      114.9    -8776.3     -266.0    154.6    133.5     83.7 2025  6 13  8 59 59.770  0.0   2
      565  23.909959  114.496248     1.597    -1298.7     3121.5    -2631.3    175.2    128.8     78.1 2025  6 13 11  0  3.570  0.0   2
      570  23.839203  114.528052     0.850     1941.0    -4715.1    -3377.9    176.2    111.8    107.6 2025  6 13 16  0  4.780  0.0   2
      572  23.809420  114.491496     2.651    -1783.0    -8013.8    -1576.9    162.6    248.8    207.2 2025  6 13 17 59 59.880  0.0   2
      574  23.811737  114.518424     2.173      960.0    -7757.2    -2055.3    225.5    160.9     80.7 2025  6 13 20  0  1.240  0.0   2
      575  23.806285  114.519393     3.828     1059.1    -8360.9     -399.6    198.9    143.8     69.5 2025  6 13 21  0  1.220  0.0   2
      577  23.919548  114.496908     0.612    -1231.5     4183.6    -3616.0     99.2    113.1     90.1 2025  6 13 23  0  4.360  0.0   2
      579  23.929775  114.486271     3.491    -2314.9     5316.3     -736.7    267.9    516.8    146.7 2025  6 14  1  0  4.590  0.0   2
      583  23.893612  114.507935     2.325     -108.5     1311.1    -1903.0    106.5    114.0     78.2 2025  6 14  5  0  2.030  0.0   2
      588  23.939661  114.469189     1.159    -4053.8     6411.1    -3068.8    143.7    174.2    194.2 2025  6 14 10  0  4.440  0.0   2
      589  23.878697  114.515731     2.840      685.4     -340.8    -1387.9    155.6    131.3     97.6 2025  6 14 11  0  4.280  0.0   2
      590  23.889183  114.491553     7.102    -1777.3      820.5     2873.6    439.4    278.1    134.8 2025  6 14 12  0  3.510  0.0   2
      598  23.910227  114.472005     6.065    -3767.6     3151.2     1836.8    394.7    396.1    176.7 2025  6 14 20  0  2.820  0.0   2
      601  23.869906  114.416496     7.567    -9421.6    -1314.6     3339.2    139.9    151.9    144.8 2025  6 14 23 59 58.520  0.0   2
      602  23.864764  114.420785     6.285    -8985.0    -1883.9     2056.8    139.2    144.3    161.6 2025  6 15  0 59 58.910  0.0   2
      603  23.870990  114.423088     6.978    -8750.1    -1194.6     2750.3    147.1    156.9    153.2 2025  6 15  1 59 59.210  0.0   2
      605  23.822182  114.523267     3.666     1453.4    -6600.2     -562.1    184.5    128.1    101.3 2025  6 15  3  0  2.640  0.0   2
      608  23.920862  114.471257     5.695    -3843.7     4329.0     1466.6    286.6    354.7    125.9 2025  6 15  6  0  2.660  0.0   2
      609  23.920854  114.458846     4.762    -5107.1     4328.1      534.2    271.9    418.6    172.8 2025  6 15  7  0  3.330  0.0   2
      610  23.841026  114.526831     1.803     1816.1    -4513.2    -2424.9    119.3    156.8    106.6 2025  6 15  8  0  5.400  0.0   2
      611  23.903115  114.426066     4.568    -8445.4     2363.6      340.0     73.8    121.1     98.6 2025  6 15  9 59 59.020  0.0   2
      612  23.900437  114.430412     5.388    -8003.1     2066.9     1160.0     88.7    123.5     97.4 2025  6 15 10 59 59.240  0.0   2
      613  23.900671  114.427751     7.596    -8274.3     2092.9     3368.4    225.5    367.7    210.5 2025  6 15 11 59 59.180  0.0   2
      615  23.906248  114.443774     7.046    -6642.6     2710.5     2818.2    169.6    264.7    151.0 2025  6 15 13  0  0.010  0.0   2
      617  23.853473  114.529631     0.545     2101.3    -3134.7    -3681.6    147.2     93.0    167.0 2025  6 15 15  0  4.470  0.0   2
      618  23.904789  114.449463     6.653    -6063.0     2549.0     2425.3    171.5    223.5    142.1 2025  6 15 16  0  1.760  0.0   2
      619  23.913812  114.465698     3.008    -4409.7     3548.2    -1220.2    167.3    150.6     97.4 2025  6 15 17  0  3.640  0.0   2
      620  23.919137  114.498649     2.298    -1054.2     4138.1    -1929.8    158.8    185.4     64.2 2025  6 15 18  0  4.720  0.0   2
      621  23.920176  114.449569     3.703    -6051.9     4253.2     -525.2    119.8    220.5    102.5 2025  6 15 19 59 59.240  0.0   2
      622  23.931175  114.447266     6.467    -6285.8     5471.2     2238.4     93.5    113.2     81.5 2025  6 15 20 59 59.040  0.0   2
      630  23.881783  114.505225     4.647     -384.7        0.8      418.8    146.5    159.5    102.6 2025  6 16  4  0  4.040  0.0   2
      632  23.949715  114.481885     5.408    -2760.8     7524.8     1179.5    275.9    133.3    107.0 2025  6 16  6 59 59.320  0.0   2
      636  23.806049  114.511540     9.282      258.3    -8387.1     5053.9    113.6    254.6     63.1 2025  6 16 10  0  2.550  0.0   2
      640  23.836351  114.531478     0.811     2289.8    -5030.9    -3416.0    151.8    120.8     89.5 2025  6 16 14  0  6.200  0.0   2
      641  23.979759  114.516593     5.363      772.8    10852.3     1134.5     32.3     34.4     53.3 2025  6 16 15 59 58.740  0.0   2
      642  23.972685  114.513542     5.310      462.7    10068.8     1081.8     36.0     43.2     63.8 2025  6 16 16 59 59.250  0.0   2
      643  23.955400  114.512158     7.248      321.8     8154.4     3020.1    282.8    221.6    144.0 2025  6 16 17 59 59.620  0.0   2
      646  23.951050  114.505941     8.754     -311.4     7672.7     4525.5    252.4    219.5    144.3 2025  6 16 20  0  0.220  0.0   2
      648  23.944275  114.506331     9.924     -272.0     6922.4     5695.6    271.2    265.1    140.2 2025  6 16 22  0  1.080  0.0   2
      654  23.933167  114.506209     2.087     -284.5     5691.8    -2140.8    218.4    107.6    105.2 2025  6 17  4  0  1.520  0.0   2
      657  23.915472  114.591382     8.466     8389.2     3732.1     4237.8    422.0    580.2    391.1 2025  6 17  7  0  0.640  0.0   2
      659  23.900340  114.510254     1.600      127.6     2056.1    -2628.1    139.6    109.6    128.0 2025  6 17  9  0  4.670  0.0   2
      662  23.841921  114.532869     1.815     2431.1    -4414.0    -2413.5    171.0    135.0     80.8 2025  6 17 12  0  2.650  0.0   2
      663  23.926042  114.532373     4.548     2380.3     4902.8      319.9    124.3    160.9    163.2 2025  6 17 13  0  0.780  0.0   2
      666  23.905570  114.555322     8.888     4717.1     2635.6     4660.0    353.8    368.3    216.4 2025  6 17 16  0  0.690  0.0   2
      667  23.898515  114.501294     0.971     -784.8     1854.1    -3257.1    125.3    145.0     78.3 2025  6 17 17  0  4.000  0.0   2
      668  23.862429  114.540584     0.642     3216.6    -2142.6    -3585.4    141.6    150.1    197.2 2025  6 17 18  0  4.420  0.0   2
      671  23.886550  114.561271     8.601     5323.4      528.9     4373.1    121.1    229.5     61.2 2025  6 17 21 59 59.480  0.0   2
      672  23.914734  114.523722     2.634     1499.0     3650.5    -1594.2    149.4    178.5    152.4 2025  6 17 22  0  1.740  0.0   2
      687  23.857180  114.563997     0.663     5601.8    -2724.1    -3565.4    210.9    353.0    448.6 2025  6 18 13  0  2.760  0.0   2
      688  23.848920  114.519824     5.414     1102.3    -3639.0     1185.5    272.4    192.6    108.6 2025  6 18 14  0  2.730  0.0   2
      689  23.814425  114.531120     1.375     2253.1    -7459.5    -2852.7    176.2    156.8    156.6 2025  6 18 15  0  5.090  0.0   2
      696  23.916333  114.503955     3.246     -513.6     3827.5     -982.0    230.0    195.9     94.1 2025  6 18 22  0  3.600  0.0   2
      703  23.887457  114.516097     0.112      723.1      629.4    -4115.5    123.5    287.8    230.8 2025  6 19  5  0  2.980  0.0   2
      706  23.922943  114.476196     2.707    -3340.2     4559.7    -1521.4    154.6    245.3    113.0 2025  6 19  8  0  4.660  0.0   2
      708  23.808799  114.541341     3.328     3294.8    -8082.6     -900.2    118.8    143.9     81.2 2025  6 19 10  0  2.930  0.0   2
      711  23.790727  114.549080     3.181     4083.2   -10084.1    -1047.0    153.3    175.3    141.5 2025  6 19 13 59 59.430  0.0   2
      713  23.798289  114.546989     3.869     3869.8    -9246.6     -359.0    151.7    181.6    112.7 2025  6 19 14 59 59.830  0.0   2
      714  23.795490  114.543587     8.539     3523.2    -9556.5     4310.6    224.3    318.1     77.6 2025  6 19 16 59 59.570  0.0   2
      719  23.924308  114.502661     9.458     -645.3     4710.8     5229.6    530.4   1413.6    226.2 2025  6 19 21  0  3.600  0.0   2
      723  23.797772  114.521631     3.138     1286.5    -9303.8    -1089.8    165.9    114.1     68.9 2025  6 20  1  0  0.220  0.0   2
      725  23.801383  114.509505     8.639       51.5    -8903.8     4411.2     91.2    249.4     56.4 2025  6 20  2 59 59.640  0.0   2
      726  23.810468  114.532943     1.472     2438.7    -7897.6    -2755.7     91.0    100.2    119.1 2025  6 20  4  0  2.170  0.0   2
      727  23.848181  114.550114     3.331     4187.6    -3720.7     -897.0    126.6    205.3    109.1 2025  6 20  5  0  2.640  0.0   2
      728  23.809239  114.527051     3.523     1838.8    -8033.9     -705.2    168.8    159.4     67.1 2025  6 20  6  0  2.820  0.0   2
      737  23.940320  114.481958     5.358    -2753.8     6484.2     1130.4    365.7    238.2    128.7 2025  6 20 15  0  3.620  0.0   2
      741  23.809766  114.436157     7.990    -7420.4    -7975.5     3761.9     87.2    202.2     99.2 2025  6 20 19 59 58.680  0.0   2
      743  23.883384  114.500081     5.505     -908.0      178.2     1276.8     92.4    111.4     75.9 2025  6 20 21  0  1.500  0.0   2
      748  23.845679  114.508171     9.446      -84.8    -3997.8     5217.8    163.4    215.4     87.8 2025  6 21  2  0  1.810  0.0   2
      749  23.846989  114.566561     8.807     5863.0    -3852.7     4578.9    176.6    198.3     89.6 2025  6 21  3  0  2.610  0.0   2
      758  23.921110  114.486589     2.925    -2282.6     4356.5    -1303.1    162.9    219.7     99.0 2025  6 21 12  0  4.080  0.0   2
      759  23.892006  114.513615     1.574      470.3     1133.1    -2653.8    156.3    208.3     98.9 2025  6 21 13  0  4.990  0.0   2
      761  23.842255  114.528662     0.320     2002.5    -4377.0    -3908.0     84.7     88.9    104.2 2025  6 21 15  0  6.450  0.0   2
      767  23.888413  114.429842    10.055    -8062.0      735.2     5826.8    402.5    369.5    208.6 2025  6 21 21  0  0.540  0.0   2
      768  23.877045  114.517448     0.879      860.0     -523.9    -3348.1    132.7    140.4    131.0 2025  6 21 22  0  4.800  0.0   2
      769  23.832766  114.516496     9.012      763.2    -5428.1     4783.7    409.7    253.9    119.9 2025  6 21 23  0  2.980  0.0   2
      771  23.924017  114.475936     1.395    -3367.1     4678.7    -2832.8    171.5    167.2    110.9 2025  6 22  1  0  5.930  0.0   2
      772  23.912950  114.443164     1.670    -6704.0     3452.7    -2556.7    238.6    318.5    345.5 2025  6 22  2  0  0.500  0.0   2
      773  23.909947  114.431266     3.622    -7915.7     3120.2     -605.6     74.9    133.0    107.3 2025  6 22  2 59 59.960  0.0   2
      775  23.901249  114.445020     4.608    -6515.9     2156.9      380.0    225.6    255.2    192.9 2025  6 22  5  0  0.770  0.0   2
      776  23.819442  114.524699     1.138     1599.2    -6903.8    -3090.3    175.1    141.2    149.4 2025  6 22  6  0  4.400  0.0   2
      780  23.926300  114.472144     4.382    -3752.9     4931.4      153.8    223.7    292.2    118.8 2025  6 22 10  0  3.880  0.0   2
      781  23.915658  114.497225     1.888    -1198.7     3752.7    -2340.5    164.7    149.4    105.2 2025  6 22 11  0  5.450  0.0   2
      783  23.924363  114.446533     4.452    -6360.6     4716.8      224.3    139.5    274.2    100.1 2025  6 22 12 59 59.770  0.0   2
      785  23.934717  114.451807     6.209    -5823.9     5863.6     1980.8     83.6    102.8    100.6 2025  6 22 15  0  0.250  0.0   2
      791  23.960669  114.476253     3.672    -3334.0     8738.1     -556.3    243.3    123.6    130.0 2025  6 22 21 59 59.400  0.0   2
      792  23.959312  114.471777     5.437    -3790.0     8587.8     1209.0    150.3    129.0    101.5 2025  6 22 22 59 59.400  0.0   2
      814  23.949430  114.516821     3.644      796.0     7493.2     -583.6    202.5    196.1    182.3 2025  6 23 20  0  1.160  0.0   2
      816  23.920215  114.504785     0.957     -428.9     4257.6    -3271.1    158.6    174.4    135.7 2025  6 23 22  0  3.240  0.0   2
      819  23.929744  114.480119     0.717    -2941.1     5313.0    -3511.3    105.4    134.1    143.2 2025  6 24  1  0  4.840  0.0   2
      820  23.921366  114.481274     3.623    -2823.2     4384.9     -605.0    270.0    252.8    111.3 2025  6 24  2  0  4.670  0.0   2
      821  23.855487  114.515487     1.914      660.3    -2911.6    -2314.3     80.5     79.9     79.2 2025  6 24  3  0  6.210  0.0   2
      834  23.912805  114.488298     1.243    -2108.6     3436.9    -2985.4    292.8    223.7    236.4 2025  6 24 16  0  3.770  0.0   2
      847  23.877716  114.518245     9.573      941.5     -449.6     5345.2    587.6    594.0    180.9 2025  6 25  5  0  1.510  0.0   2
      848  23.802075  114.524593     1.641     1588.4    -8827.3    -2586.6    298.1    308.5    137.7 2025  6 25  6  0  4.870  0.0   2
      853  23.912207  114.504761     1.959     -431.8     3370.6    -2269.0    220.2    207.7    116.3 2025  6 25 11  0  3.720  0.0   2
      855  23.840889  114.546842     7.115     3854.3    -4528.2     2887.0    147.8    127.5     81.3 2025  6 25 13  0  1.070  0.0   2
      857  23.843467  114.558187     4.693     5010.3    -4242.7      464.7    149.9    351.8    104.3 2025  6 25 15  0  2.430  0.0   2
      859  23.857371  114.533976     3.499     2543.7    -2702.9     -728.9    264.4    171.7     90.3 2025  6 25 17  0  4.000  0.0   2
      865  23.911058  114.499593     2.181     -957.6     3243.3    -2047.5    169.9    135.2     99.3 2025  6 25 23  0  4.280  0.0   2
      870  23.851884  114.531258     1.118     2267.1    -3310.6    -3110.6    169.7    139.8    100.9 2025  6 26  4  0  5.250  0.0   2
      874  23.917035  114.477262     1.092    -3231.6     3905.2    -3135.9    164.5    151.5    182.5 2025  6 26  8  0  4.890  0.0   2
      877  23.922178  114.482349     3.628    -2714.3     4474.9     -599.7    271.7    298.6    127.3 2025  6 26 11  0  5.110  0.0   2
      878  23.801408  114.536613     1.294     2812.7    -8901.1    -2934.2    169.9    232.1    143.8 2025  6 26 12  0  3.400  0.0   2
      884  23.799788  114.528084     2.789     1944.5    -9080.5    -1439.0    143.0     98.2     55.5 2025  6 26 18  0  1.100  0.0   2
      885  23.786119  114.510091     5.538      111.0   -10594.6     1310.1    434.9    288.9    210.8 2025  6 26 19  0  0.680  0.0   2
      888  23.852094  114.510799     3.125      183.1    -3287.3    -1103.3    139.2    106.3    109.9 2025  6 26 22  0  3.720  0.0   2
      889  23.797729  114.526603     1.955     1793.5    -9308.5    -2273.0    221.0    279.7    129.1 2025  6 26 23  0  3.960  0.0   2
      898  23.832599  114.499797     4.391     -937.8    -5446.7      162.7    155.4    202.0     85.1 2025  6 27  8  0  2.790  0.0   2
      904  23.904637  114.514648     1.300      574.9     2532.0    -2928.4    197.8    130.8    136.8 2025  6 27 14  0  3.440  0.0   2
      905  23.889441  114.499601     3.663     -957.4      849.2     -564.8    158.0    146.7     68.8 2025  6 27 15  0  3.090  0.0   2
      906  23.841162  114.518311     0.418      948.7    -4498.2    -3810.0    166.2    129.6    320.2 2025  6 27 16  0  3.870  0.0   2
      909  23.836800  114.525578     0.805     1688.5    -4981.3    -3422.4    194.4    168.1    182.4 2025  6 27 19  0  5.200  0.0   2
      923  23.901223  114.435140     4.661    -7521.9     2153.9      432.9     96.2    120.5     99.3 2025  6 28  9  0  0.870  0.0   2
      927  23.819995  114.515666     2.032      679.1    -6842.5    -2195.9    158.0    154.6     82.2 2025  6 28 13  0  4.630  0.0   2
      936  23.780990  114.505827     8.605     -323.5   -11162.7     4376.8    416.0    400.6    218.7 2025  6 28 22  0  3.040  0.0   2
      937  23.912445  114.488900     3.243    -2047.1     3396.8     -985.0    205.6    185.9     98.1 2025  6 28 23  0  3.360  0.0   2
      938  23.891313  114.514648     1.000      575.3     1056.5    -3227.6    153.8    211.3    109.4 2025  6 29  0  0  4.760  0.0   2
      939  23.917421  114.491895     5.630    -1742.0     3948.1     1401.4    318.4    242.1    119.0 2025  6 29  1  0  3.490  0.0   2
      940  23.915210  114.500277     2.211     -888.5     3703.0    -2017.2    163.1    181.3     67.2 2025  6 29  2  0  5.090  0.0   2
      949  23.908512  114.521053     9.075     1227.5     2961.3     4847.0    330.8    563.3    137.5 2025  6 29 11  0  2.290  0.0   2
      953  23.961273  114.465902     5.654    -4388.1     8804.8     1426.4    169.3    105.5    111.7 2025  6 29 14 59 59.750  0.0   2
      956  23.941465  114.476237     5.806    -3336.2     6611.2     1578.0    319.4    203.7    113.8 2025  6 29 18  0  1.280  0.0   2
      957  23.903784  114.498901     2.500    -1028.9     2437.8    -1727.9    216.0    168.1     90.8 2025  6 29 19  0  3.400  0.0   2
      970  23.853385  114.532446     0.901     2388.4    -3144.3    -3327.1    161.3    132.6    162.7 2025  6 30  8  0  6.570  0.0   2
      971  23.948556  114.488761     4.961    -2060.6     7396.4      732.6    289.3    140.8    133.1 2025  6 30  9  0  4.380  0.0   2
      974  23.919255  114.503377     0.126     -572.4     4151.0    -4102.4    115.3    150.6    134.9 2025  6 30 12  0  3.200  0.0   2
      976  23.844712  114.522884     0.756     1414.4    -4104.8    -3471.4    201.3    148.4    214.6 2025  6 30 14  0  5.430  0.0   2
      980  23.944175  114.495109     4.959    -1414.5     6911.3      731.2    475.3    317.3    174.2 2025  6 30 18  0  4.180  0.0   2
      982  23.849768  114.530794     1.342     2220.3    -3545.1    -2886.2    169.8    143.0     60.3 2025  6 30 20  0  3.880  0.0   2
      983  23.963094  114.551351     8.780     4311.7     9006.6     4552.0    354.2    371.9    287.9 2025  6 30 21  0  0.040  0.0   2
      984  23.941791  114.526994     3.191     1831.8     6647.1    -1037.1    198.7    237.2    255.6 2025  6 30 22  0  2.160  0.0   2
      985  23.921051  114.509635     1.021       64.3     4350.0    -3207.2    145.2    306.1    140.5 2025  6 30 23  0  3.560  0.0   2
      987  23.863782  114.552588     2.583     4439.4    -1992.8    -1644.7    148.4    193.6    135.7 2025  7  1  1  0  4.160  0.0   2
      990  23.950527  114.487321     9.095    -2207.8     7614.7     4866.8    728.4    440.6    217.8 2025  7  1  4  0  3.640  0.0   2
     1000  23.928550  114.517489     3.430      864.2     5180.7     -797.8    175.3    327.1    189.0 2025  7  1 14  0  5.140  0.0   2
     1002  23.846830  114.569067     8.406     6118.1    -3870.2     4177.9    197.8    167.8    116.7 2025  7  1 16  0  0.640  0.0   2
     1003  23.927423  114.480086     1.548    -2944.3     5055.8    -2680.3    190.9    266.5    114.3 2025  7  1 17  0  4.880  0.0   2
     1009  23.820620  114.524569     9.309     1586.2    -6773.4     5081.0    429.7    290.4    101.7 2025  7  1 23  0  3.320  0.0   2
     1010  23.952429  114.470809     1.824    -3888.6     7825.5    -2402.6    254.6    170.0    238.7 2025  7  2  0  0  6.220  0.0   2
     1013  23.917114  114.508464     2.547      -54.8     3914.0    -1681.0    250.4    202.3    108.8 2025  7  2  3  0  4.140  0.0   2
     1027  23.845144  114.534611     0.770     2608.6    -4057.3    -3458.3    199.6    180.9    198.4 2025  7  2 17  0  3.800  0.0   2
     1033  23.759145  114.572070     8.534     6426.1   -13582.1     4305.6    258.5    258.2    190.4 2025  7  2 23 59 59.120  0.0   2
     1034  23.826082  114.512004     3.262      305.6    -6168.3     -966.1    168.6    191.3     91.4 2025  7  3  0  0  1.690  0.0   2
     1037  23.877736  114.518848     0.649     1002.5     -447.3    -3578.8    137.4    152.0    174.8 2025  7  3  3  0  5.010  0.0   2
     1039  23.929502  114.484229     1.505    -2522.4     5286.1    -2723.3    232.7    401.6    186.8 2025  7  3  5  0  6.950  0.0   2
     1041  23.931948  114.469491     1.291    -4023.1     5557.0    -2936.9    136.3    218.2    106.9 2025  7  3  7  0  7.900  0.0   2
     1042  23.788359  114.528141     2.485     1950.2   -10346.4    -1743.5    151.6    125.5    108.2 2025  7  3  8  0  0.800  0.0   2
     1046  23.843506  114.526326     1.690     1764.6    -4238.5    -2537.8    128.4    133.3     95.2 2025  7  3 12  0  3.640  0.0   2
     1050  23.924410  114.503882     3.071     -521.6     4722.0    -1157.2    282.6    263.1    130.1 2025  7  3 16  0  6.220  0.0   2
     1051  23.948218  114.478475     6.914    -3107.8     7358.9     2685.6    617.3    276.3    161.2 2025  7  3 17  0  5.960  0.0   2
     1054  23.920339  114.500724     1.269     -842.8     4271.1    -2959.3    113.0    327.2    150.6 2025  7  3 20  0  4.840  0.0   2
     1056  23.907926  114.527873     9.127     1922.2     2896.5     4898.6   1296.0    940.3    272.4 2025  7  3 22  0  2.400  0.0   2
     1057  23.811837  114.529940     3.169     2133.4    -7746.1    -1058.7    198.6    180.8     99.9 2025  7  3 23  0  3.060  0.0   2
     1063  23.917515  114.470459     3.448    -3925.1     3958.4     -780.1    189.0    171.9     89.0 2025  7  4  5  0  3.720  0.0   2
     1064  23.805231  114.512183     3.152      324.2    -8477.8    -1076.0    155.5    130.6     83.9 2025  7  4  6  0  2.480  0.0   2
     1067  23.849691  114.537313     0.929     2883.8    -3553.5    -3298.6    145.6    141.5    112.1 2025  7  4  9  0  4.930  0.0   2
     1068  23.914380  114.504378     0.717     -470.9     3611.2    -3511.4    142.5    123.4     83.1 2025  7  4 10  0  6.030  0.0   2
     1069  23.940647  114.520687     9.175     1189.7     6520.6     4947.4    286.1    263.3    141.9 2025  7  4 11  0  3.880  0.0   2
     1071  23.853560  114.527734     1.690     1908.2    -3125.0    -2538.1    186.9    142.1     66.6 2025  7  4 13  0  6.480  0.0   2
     1073  23.887046  114.442977     2.711    -6723.9      583.8    -1517.4    304.9    211.0    246.2 2025  7  4 15  0  2.200  0.0   2
     1075  23.908030  114.449357     5.368    -6073.7     2908.0     1139.9    195.8    229.7    122.0 2025  7  4 17  0  2.640  0.0   2
     1083  23.925865  114.487899     1.616    -2148.5     4883.3    -2611.8    184.4    189.0    112.1 2025  7  5  1  0  3.140  0.0   2
     1084  23.894515  114.422656     4.319    -8793.4     1411.1       90.6    102.3    139.9    146.3 2025  7  5  2  0  1.220  0.0   2
     1087  23.908376  114.453125     3.129    -5689.7     2946.3    -1098.8    188.4    157.2    156.5 2025  7  5  5  0  3.260  0.0   2
     1088  23.801304  114.448966     7.225    -6115.7    -8912.6     2996.9     97.8    159.0    103.5 2025  7  5  6  0  2.830  0.0   2
     1089  23.838175  114.528084     1.104     1944.2    -4829.0    -3123.7    110.5    117.1    176.2 2025  7  5  7  0  6.110  0.0   2
     1090  23.929213  114.471672     2.947    -3801.1     5254.2    -1281.3    211.0    359.3    111.6 2025  7  5  8  0  5.130  0.0   2
     1091  23.782082  114.525895     6.547     1721.1   -11041.6     2318.8    785.1    288.7    208.2 2025  7  5  9  0  5.120  0.0   2
     1095  23.850281  114.526001     8.900     1731.5    -3488.2     4672.0    585.3    180.4    139.9 2025  7  5 13  0  3.000  0.0   2
     1096  23.914217  114.465544     2.610    -4425.3     3593.1    -1618.0    144.9    155.1    114.5 2025  7  5 14  0  2.820  0.0   2
     1097  23.878451  114.518831     0.417     1001.1     -368.2    -3810.8    192.9    153.0    270.0 2025  7  5 15  0  5.170  0.0   2
     1099  23.882485  114.507975     9.519     -104.5       78.6     5291.2    262.7    246.6     56.5 2025  7  5 17  0  2.960  0.0   2
     1101  23.916091  114.502612     1.309     -650.6     3800.7    -2918.7    137.9    157.2     73.0 2025  7  5 19  0  6.180  0.0   2
     1107  23.917637  114.493669     0.677    -1561.0     3972.0    -3551.4    118.5    117.0     82.9 2025  7  6  1  0  3.900  0.0   2
     1108  23.815647  114.521891     1.587     1312.9    -7324.0    -2640.8    232.0    164.4     92.1 2025  7  6  2  0  6.340  0.0   2
     1109  23.919045  114.496403     1.472    -1282.6     4127.8    -2755.9    150.0    152.5    186.3 2025  7  6  3  0  4.640  0.0   2
     1117  23.846973  114.525179     1.442     1647.9    -3854.5    -2786.3    135.5    118.9     71.5 2025  7  6 11  0  5.630  0.0   2
     1119  23.921210  114.500920     0.238     -823.0     4367.6    -3989.5    104.0    108.8    122.1 2025  7  6 13  0  5.160  0.0   2
     1123  23.936473  114.506689     1.380     -235.5     6058.0    -2848.4    205.0    106.2    127.0 2025  7  6 17  0  2.480  0.0   2
     1124  23.972241  114.499561     4.269     -961.1    10019.8       41.1    110.5     90.3    127.8 2025  7  6 18  0  1.200  0.0   2
     1126  23.854272  114.544995     1.990     3666.0    -3046.1    -2238.1    156.2    159.1    168.7 2025  7  6 20  0  5.400  0.0   2
     1128  23.821370  114.527083     1.260     1841.9    -6690.1    -2968.2    179.1    220.4     95.0 2025  7  6 22  0  6.980  0.0   2
     1130  23.839457  114.524528     0.496     1582.0    -4686.9    -3730.8    173.6    179.2    234.4 2025  7  7  0  0  7.760  0.0   2
     1135  23.943555  114.510742     5.217      177.1     6842.4      989.2    288.1    292.7    212.8 2025  7  7  5  0  2.210  0.0   2
     1136  23.935665  114.515601     7.719      671.9     5968.6     3491.0    347.5    438.3    210.0 2025  7  7  6  0  2.040  0.0   2
     1137  23.941573  114.527026     4.763     1835.1     6623.0      535.3    293.5    284.7    218.8 2025  7  7  7  0  2.950  0.0   2
     1139  23.921547  114.486882     2.171    -2252.5     4405.1    -2057.5    156.2    158.0    128.2 2025  7  7  9  0  4.980  0.0   2
     1140  23.883301  114.520882     8.834     1209.8      169.0     4606.3    449.1    590.3    155.8 2025  7  7 11  0  4.280  0.0   2
     1144  23.847239  114.527474     1.722     1881.7    -3825.1    -2506.4    128.5    120.4    125.7 2025  7  7 15  0  4.800  0.0   2
     1148  23.881986  114.491203     0.771    -1813.0       23.5    -3456.2    165.1    170.8    211.3 2025  7  7 19  0  5.700  0.0   2
     1152  23.910476  114.489290     3.184    -2006.8     3178.8    -1043.8    269.1    158.4     97.4 2025  7  7 23  0  3.760  0.0   2
     1159  23.814549  114.537036     2.046     2855.9    -7445.6    -2182.1    157.8    161.1    157.5 2025  7  8  6  0  6.630  0.0   2
     1160  23.908523  114.503971     9.251     -512.5     2962.5     5023.2    918.1    755.1    155.0 2025  7  8  7  0  4.310  0.0   2
     1164  23.921851  114.524666     5.219     1595.5     4438.6      990.9    189.9    198.1    106.3 2025  7  8 11  0  3.690  0.0   2
     1165  23.930870  114.508374     0.766      -63.8     5437.6    -3461.8    145.6    186.1    244.0 2025  7  8 12  0  5.180  0.0   2
     1169  23.922811  114.475171     0.862    -3444.7     4545.1    -3365.3    159.0    155.9    138.5 2025  7  8 16  0  7.460  0.0   2
     1170  23.923763  114.484115     1.012    -2534.4     4650.3    -3215.9    203.8    176.5    124.0 2025  7  8 17  0  7.780  0.0   2
     1171  23.932542  114.482511     1.213    -2697.5     5622.7    -3014.4    277.6    267.2    157.0 2025  7  8 18  0  5.920  0.0   2
     1174  23.926595  114.482218     1.111    -2727.5     4964.0    -3117.2    171.4    152.2     89.9 2025  7  8 21  0  6.260  0.0   2
     1177  23.914103  114.503035     0.327     -607.3     3580.6    -3901.5    140.3    142.7    164.5 2025  7  9  0  0  6.430  0.0   2
     1179  23.917356  114.509456     0.962       46.8     3940.8    -3265.7    180.9    253.7    193.3 2025  7  9  2  0  6.770  0.0   2
     1181  23.848836  114.532861     1.995     2430.2    -3648.1    -2232.9    228.0    189.8     86.4 2025  7  9  4  0  2.890  0.0   2
     1182  23.935148  114.469377     5.061    -4034.3     5911.4      833.1    358.4    350.9    129.0 2025  7  9  5  0  5.040  0.0   2
     1183  23.915769  114.498551     1.183    -1063.6     3765.0    -3044.6    110.9    121.2     85.4 2025  7  9  6  0  5.490  0.0   2
     1186  23.886403  114.522095     1.322     1333.3      512.6    -2906.6    240.9    277.0    113.0 2025  7  9  9  0  5.180  0.0   2
     1187  23.829232  114.542155     8.751     3377.0    -5819.4     4523.0    329.6    321.9    143.1 2025  7  9 10  0  2.290  0.0   2
     1192  23.903811  114.514388     1.368      548.5     2440.6    -2859.9    154.5    197.4    238.2 2025  7  9 15  0  4.790  0.0   2
     1197  23.947986  114.485270     9.156    -2416.5     7333.3     4928.2    642.6    351.3    169.9 2025  7  9 20  0  4.360  0.0   2
     1198  23.837974  114.529932     1.455     2132.5    -4851.3    -2772.7    182.1    148.1     86.9 2025  7  9 21  0  4.920  0.0   2
     1199  23.916378  114.472713     4.638    -3695.2     3832.6      410.0    382.2    214.1    110.1 2025  7  9 22  0  6.780  0.0   2
     1200  23.722666  114.511792     7.693      284.4   -17622.2     3464.9    162.3    113.2    144.5 2025  7  9 23 59 58.640  0.0   2
     1203  23.789148  114.528475     8.849     1983.7   -10259.0     4620.9    209.2    182.7     56.6 2025  7 10  2  0  0.040  0.0   2
     1204  23.866060  114.513021     6.379      409.3    -1740.5     2150.7    278.3    327.6    172.6 2025  7 10  3  0  3.230  0.0   2
     1205  23.799093  114.529378     1.503     2075.8    -9157.5    -2725.3    301.0    349.3    148.7 2025  7 10  4  0  3.060  0.0   2
     1206  23.933508  114.483179     2.527    -2629.6     5729.9    -1700.9    199.0    195.3     95.6 2025  7 10  5  0  6.260  0.0   2
     1210  23.912193  114.508521     1.921      -48.5     3369.0    -2306.9    184.4    197.5    103.5 2025  7 10  9  0  7.470  0.0   2
     1213  23.845052  114.539347     2.126     3091.3    -4067.3    -2101.9    175.1    169.5     75.6 2025  7 10 12  0  3.640  0.0   2
     1218  23.914067  114.500806     1.318     -834.5     3576.5    -2910.2    148.8    183.1    120.4 2025  7 10 17  0  6.920  0.0   2
     1221  23.813377  114.524015     0.713     1529.2    -7575.4    -3515.6    182.0    182.8    101.8 2025  7 10 20  0  3.360  0.0   2
     1222  23.919725  114.458073     2.965    -5185.9     4203.2    -1262.7    147.0    190.7    115.5 2025  7 10 21  0  4.320  0.0   2
     1223  23.918901  114.500903     0.651     -824.4     4112.0    -3576.2    160.0    184.0    158.7 2025  7 10 22  0  5.640  0.0   2
     1227  23.898322  114.499373     1.077     -980.8     1832.7    -3150.7    125.7    122.1     89.2 2025  7 11  2  0  5.900  0.0   2
     1231  23.891246  114.565869     8.445     5791.9     1049.0     4217.4    162.0    326.5     98.0 2025  7 11  6  0  2.140  0.0   2
     1233  23.916593  114.491862     0.075    -1745.5     3856.4    -4153.4    137.6    173.5    233.5 2025  7 11  8  0  4.850  0.0   2
     1241  23.816221  114.535042     9.164     2653.0    -7260.4     4935.7    485.0    458.9    173.0 2025  7 11 16  0  2.450  0.0   2
     1242  23.902214  114.494425     3.285    -1484.1     2263.8     -942.9    242.1    170.5     86.4 2025  7 11 17  0  3.320  0.0   2
     1246  23.933944  114.462459     1.393    -4738.7     5778.1    -2834.6    148.7    213.7    154.3 2025  7 11 21  0  4.380  0.0   2
     1251  23.814864  114.518538     1.673      971.4    -7410.9    -2554.7    153.0    129.0     80.2 2025  7 12  2  0  5.250  0.0   2
     1259  23.918345  114.456234     4.441    -5373.2     4050.3      213.3    118.0    208.9    152.4 2025  7 12 10  0  4.600  0.0   2
     1270  23.919840  114.493384     0.354    -1590.1     4215.9    -3874.5    110.0    117.8    129.0 2025  7 12 21  0  6.320  0.0   2
     1273  23.928088  114.463289     3.992    -4654.5     5129.5     -235.7    182.7    450.3    126.6 2025  7 13  0  0  1.750  0.0   2
     1276  23.917670  114.498918     1.385    -1026.4     3975.5    -2843.4    122.5    138.0     90.1 2025  7 13  3  0  4.130  0.0   2
     1280  23.927515  114.504321     1.865     -476.2     5066.1    -2363.5    166.2    135.3    129.6 2025  7 13  7  0  5.700  0.0   2
     1285  23.832082  114.497656     2.581    -1155.9    -5503.8    -1647.0    162.2    224.3    118.4 2025  7 13 12  0  6.180  0.0   2
     1286  23.925490  114.474520     0.820    -3511.0     4841.7    -3407.8    111.7    226.8    126.2 2025  7 13 13  0  4.450  0.0   2
     1291  23.957027  114.515967     3.586      709.0     8334.7     -642.5    225.7    180.5    206.6 2025  7 13 18  0  2.180  0.0   2
     1292  23.964476  114.538688     8.601     3022.2     9159.6     4373.0    399.6    351.2    284.1 2025  7 13 19  0  0.880  0.0   2
     1297  23.914933  114.487606     9.783    -2178.4     3672.4     5555.3    432.0    365.9    102.0 2025  7 14  0  0  2.730  0.0   2
     1303  23.990417  114.497599     9.464    -1160.6    12032.8     5235.9    242.9    125.0    110.0 2025  7 14  6  0  1.570  0.0   2
     1304  23.844720  114.536515     1.168     2802.2    -4104.1    -3059.8    118.3    163.3     78.2 2025  7 14  7  0  5.390  0.0   2
     1306  23.846547  114.524080     1.257     1536.0    -3901.7    -2970.9    200.0    146.9    138.4 2025  7 14  9  0  5.850  0.0   2
     1307  23.873663  114.490715     1.709    -1862.7     -898.4    -2518.0    133.4    130.8    215.6 2025  7 14 10  0  5.440  0.0   2
     1312  23.848242  114.538184     1.466     2972.6    -3713.9    -2761.8    247.4    214.3    134.5 2025  7 14 15  0  4.610  0.0   2
     1316  23.925043  114.479183     1.939    -3035.9     4792.3    -2289.1    162.2    223.5    109.8 2025  7 14 19  0  5.960  0.0   2
     1330  23.906753  114.514046     3.857      514.1     2766.4     -370.9    283.8    254.2    180.7 2025  7 15  9  0  6.610  0.0   2
     1336  23.871248  114.515348     3.091      646.4    -1166.0    -1136.7     78.3     87.0     49.7 2025  7 15 15  0  4.650  0.0   2
     1340  23.844537  114.531543     1.438     2296.5    -4124.2    -2789.8    204.7    187.1     82.4 2025  7 15 19  0  6.600  0.0   2
     1347  23.909365  114.505387     1.123     -367.6     3055.7    -3105.6    217.0    167.8    154.5 2025  7 16  2  0  6.890  0.0   2
     1352  23.824967  114.512939     3.837      400.9    -6291.7     -390.9    122.8    148.8    113.3 2025  7 16  7  0  2.110  0.0   2
     1353  23.928328  114.481763     1.103    -2773.9     5156.1    -3124.7    240.0    256.4    154.2 2025  7 16  8  0  6.960  0.0   2
     1354  23.845817  114.535929     0.522     2743.1    -3982.5    -3705.3    121.1    135.1     85.4 2025  7 16  9  0  4.520  0.0   2
     1359  23.845266  114.532780     3.529     2422.4    -4043.6     -698.8    284.0    235.1     70.9 2025  7 16 14  0  5.280  0.0   2
     1361  23.802022  114.546785     9.227     3849.7    -8833.2     4999.3    203.7    375.0     93.5 2025  7 16 15 59 59.970  0.0   2
     1362  23.800187  114.538753     2.928     3030.7    -9036.4    -1299.8    186.3    199.4     77.0 2025  7 16 17  0  2.020  0.0   2
     1375  23.914685  114.497437     0.811    -1177.3     3645.0    -3417.5    144.3    129.4    102.3 2025  7 17  6  0  6.470  0.0   2
     1377  23.926666  114.502507     1.379     -661.6     4972.1    -2849.5    180.0    243.1    170.6 2025  7 17  8  0  6.940  0.0   2
     1383  23.897585  114.509082     3.018        8.2     1751.1    -1209.8    143.1    170.9     65.2 2025  7 17 14  0  4.560  0.0   2
     1389  23.923429  114.501912     2.620     -721.4     4613.6    -1607.9    200.9    288.2    116.5 2025  7 17 20  0  6.940  0.0   2
     1400  23.913794  114.501636     1.118     -749.7     3546.4    -3110.3    124.5    122.9    112.6 2025  7 18  7  0  7.650  0.0   2
     1403  23.887655  114.503337     1.264     -576.7      651.3    -2964.3    250.7    254.5    101.2 2025  7 18 10  0  5.010  0.0   2
     1404  23.901593  114.488444     2.923    -2093.8     2194.9    -1305.1    198.4    157.5    109.0 2025  7 18 11  0  4.340  0.0   2
     1414  23.882619  114.510409     2.532      143.8       93.5    -1696.5    246.2    237.7    115.7 2025  7 18 21  0  4.520  0.0   2
     1416  23.929779  114.471883     1.580    -3779.1     5316.8    -2647.9    144.8    230.4    118.0 2025  7 18 23  0  4.580  0.0   2
     1418  23.910197  114.503068     1.490     -603.9     3147.9    -2738.6    172.7    137.4    107.4 2025  7 19  1  0  5.810  0.0   2
     1422  23.916945  114.497266     0.392    -1194.7     3895.3    -3835.4    133.7    138.5    186.0 2025  7 19  5  0  4.060  0.0   2
     1429  23.888287  114.427824     9.608    -8267.5      721.4     5380.2    393.6    369.0    212.1 2025  7 19 12  0  2.490  0.0   2
     1430  23.815637  114.521110     0.945     1233.2    -7325.1    -3283.1    141.8    106.2    111.8 2025  7 19 13  0  8.650  0.0   2
     1431  23.945441  114.469873     1.294    -3983.6     7051.3    -2933.9    159.0    147.5    176.0 2025  7 19 14  0  2.380  0.0   2
     1440  23.933590  114.503589     1.133     -551.3     5738.7    -3095.5    145.8     91.0     86.8 2025  7 19 23  0  6.200  0.0   2
     1442  23.922001  114.503027     0.492     -608.2     4455.4    -3735.8    153.7    141.4    159.0 2025  7 20  1  0  4.240  0.0   2
     1446  23.815405  114.531519     5.208     2294.0    -7350.8      980.3    277.2    281.9    106.8 2025  7 20  5  0  6.540  0.0   2
     1448  23.918113  114.475260     7.067    -3435.6     4024.7     2839.0    259.4    399.5    141.6 2025  7 20  7  0  3.910  0.0   2
     1450  23.943872  114.479126     2.085    -3042.1     6877.7    -2142.9    251.3    270.7    217.0 2025  7 20  9  0  6.150  0.0   2
     1457  23.930084  114.501579     3.022     -756.0     5350.6    -1204.8    247.1    152.5    112.4 2025  7 20 16  0  5.060  0.0   2
     1458  23.839541  114.522461     0.279     1370.9    -4677.7    -3948.6    135.8    154.8    198.1 2025  7 20 17  0  7.380  0.0   2
     1460  23.925991  114.500049     1.056     -911.9     4897.1    -3172.4    126.9     96.0    127.7 2025  7 20 19  0  6.820  0.0   2
     1461  23.884485  114.537150     9.111     2867.1      300.1     4882.9    244.9    397.5    106.9 2025  7 20 20  0  2.480  0.0   2
     1464  23.931531  114.482609     2.323    -2687.1     5510.7    -1905.2    221.1    342.6    109.7 2025  7 20 23  0  5.280  0.0   2
     1469  23.927344  114.473812     0.500    -3582.8     5047.0    -3726.8    160.6    252.9    107.9 2025  7 21  4  0  7.330  0.0   2
     1470  23.933942  114.493815     9.157    -1546.5     5777.8     4929.3    499.4    417.9    168.7 2025  7 21  5  0  4.930  0.0   2
     1472  23.919413  114.487882     1.951    -2150.5     4168.7    -2276.7    249.6    141.4    133.7 2025  7 21  7  0  5.580  0.0   2
     1480  23.922186  114.480591     1.729    -2892.7     4475.7    -2498.8    136.7    169.8     95.6 2025  7 21 15  0  7.850  0.0   2
     1482  23.811806  114.534473     2.468     2594.5    -7749.4    -1760.3    205.5    186.3    119.4 2025  7 21 17  0  4.900  0.0   2
     1485  23.927647  114.506559     1.294     -248.7     5080.6    -2934.2    181.4    104.7    113.6 2025  7 21 20  0  6.360  0.0   2
     1487  23.927014  114.481063     7.657    -2844.6     5010.5     3429.2    386.9    433.3    197.7 2025  7 21 22  0  4.940  0.0   2
     1490  23.721460  114.507243     6.715     -178.9   -17755.9     2487.2     99.5    100.7    175.0 2025  7 22  1  0  4.330  0.0   2
     1491  23.837040  114.535620     2.619     2711.8    -4954.6    -1609.5    232.8    176.0    112.0 2025  7 22  2  0  3.700  0.0   2
     1495  23.926803  114.478613     2.151    -3094.4     4987.0    -2077.1    163.0    295.7    105.7 2025  7 22  6  0  7.270  0.0   2
     1499  23.963314  114.502555     8.384     -656.5     9031.1     4157.2    459.0    253.5    184.5 2025  7 22 10  0  5.320  0.0   2
     1501  23.898031  114.512703     0.353      377.3     1800.5    -3874.3    255.5    184.2    251.0 2025  7 22 12  0  5.840  0.0   2
     1503  23.817965  114.522591     0.854     1384.2    -7067.5    -3374.5    166.5    149.8    138.9 2025  7 22 14  0  4.390  0.0   2
     1504  23.819157  114.522876     9.242     1413.4    -6935.4     5013.6    433.5    334.2     78.4 2025  7 22 15  0  1.920  0.0   2
     1506  23.861346  114.526147     1.189     1746.6    -2262.6    -3038.8    470.6    169.8    135.9 2025  7 22 17  0  5.680  0.0   2
     1508  23.919743  114.497656     1.458    -1155.0     4205.2    -2770.4    181.7    142.5     84.3 2025  7 22 19  0  7.820  0.0   2
     1514  23.757579  114.568758     7.999     6089.1   -13755.5     3771.2    267.8    242.3    193.7 2025  7 23  1  0  0.830  0.0   2
     1516  23.845280  114.530200     0.606     2159.1    -4042.0    -3622.3    140.4    142.2    117.6 2025  7 23  3  0  5.520  0.0   2
     1518  23.802212  114.542212     8.948     3383.7    -8812.1     4720.5    203.1    320.9     78.6 2025  7 23  5  0  2.780  0.0   2
     1522  23.884973  114.521826     2.625     1306.0      354.2    -1603.1    161.2    222.6     79.1 2025  7 23  9  0  5.110  0.0   2
     1527  23.913106  114.481934     1.742    -2755.9     3470.1    -2486.4    274.3    152.1    160.8 2025  7 23 14  0  7.370  0.0   2
     1530  23.811194  114.526595     9.087     1792.0    -7817.3     4858.8    705.2    592.8    178.9 2025  7 23 17  0  3.920  0.0   2
     1532  23.807135  114.502547     2.899     -657.3    -8266.9    -1328.9    112.6    167.7     88.5 2025  7 23 19  0  3.120  0.0   2
     1534  23.808781  114.520093     3.323     1130.1    -8084.6     -905.2    315.1    210.0     72.6 2025  7 23 21  0  3.560  0.0   2
     1537  23.842517  114.516667     3.307      781.1    -4348.1     -920.8    196.9    229.0    126.7 2025  7 24  0  0  5.260  0.0   2
     1540  23.846934  114.535376     6.466     2686.6    -3858.8     2237.6    399.6    293.3    127.7 2025  7 24  3  0  5.820  0.0   2
     1543  23.854993  114.543840     4.964     3548.6    -2966.3      736.3    300.9    216.9    144.1 2025  7 24  6  0  4.270  0.0   2
     1544  23.919116  114.474634     0.739    -3499.2     4135.7    -3488.1    151.3    118.2    110.4 2025  7 24  7  0  6.500  0.0   2
     1546  23.919902  114.495687     1.198    -1355.6     4222.9    -3030.2    123.5    165.5    158.1 2025  7 24  9  0  6.830  0.0   2
     1562  23.819053  114.523796     1.814     1506.9    -6946.9    -2414.2    155.3    108.4     84.3 2025  7 25  1  0  5.740  0.0   2
     1567  23.872976  114.533382     9.286     2483.4     -974.6     5058.4    627.1    658.8    188.7 2025  7 25  6  0  4.450  0.0   2
     1568  23.924514  114.483195     3.768    -2627.7     4733.6     -460.3    287.6    386.0    130.0 2025  7 25  7  0  5.590  0.0   2
     1570  23.917818  114.500456     0.459     -869.7     3992.0    -3767.6    121.5    118.2    111.4 2025  7 25  9  0  7.660  0.0   2
     1572  23.846602  114.533716     0.933     2517.8    -3895.6    -3294.6    233.6    158.0    104.3 2025  7 25 11  0  6.650  0.0   2
     1574  23.907804  114.497062     4.675    -1215.7     2882.8      447.3    329.6    200.5    107.1 2025  7 25 13  0  4.010  0.0   2
     1576  23.900201  114.491553     4.059    -1776.5     2040.9     -169.3    368.1    217.4    136.1 2025  7 25 15  0  4.790  0.0   2
     1577  23.909003  114.459798     1.910    -5010.8     3015.7    -2316.7    147.8    159.0    143.8 2025  7 25 16  0  4.730  0.0   2
     1578  23.925348  114.478312     0.482    -3125.2     4826.0    -3745.2    131.4    204.4    163.9 2025  7 25 17  0  6.160  0.0   2
     1589  23.913511  114.499951     0.217     -921.9     3515.1    -4010.8    103.6    183.8    232.1 2025  7 26  4  0  6.650  0.0   2
     1593  23.920707  114.499430     0.101     -974.7     4312.1    -4127.2    123.6    192.7    245.3 2025  7 26  8  0  4.320  0.0   2
     1599  23.921464  114.478385     2.155    -3117.1     4395.8    -2072.9    180.3    176.2     94.2 2025  7 26 14  0  5.750  0.0   2
     1602  23.932395  114.509163     0.830       16.8     5606.6    -3398.3    167.5     92.2    139.8 2025  7 26 17  0  4.380  0.0   2
     1603  23.950798  114.479574     3.574    -2996.0     7644.6     -654.1    229.9    133.8    110.1 2025  7 26 18  0  3.600  0.0   2
     1604  23.932501  114.510075     9.245      109.5     5618.4     5017.0    404.7    349.6    145.6 2025  7 26 19  0  2.540  0.0   2
     1614  23.844295  114.531714     0.804     2313.7    -4151.0    -3424.4     97.8    115.5     72.0 2025  7 27  5  0  7.100  0.0   2
     1615  23.929156  114.525765     3.948     1706.9     5247.9     -280.0    161.0    287.4    139.7 2025  7 27  6  0  4.360  0.0   2
     1617  23.877028  114.502352     6.549     -677.0     -525.7     2321.2    128.3    130.8     59.7 2025  7 27  8  0  4.880  0.0   2
     1619  23.934255  114.490088     7.649    -1925.7     5812.6     3421.2    585.1    390.9    217.0 2025  7 27 10  0  5.040  0.0   2
     1621  23.799524  114.535075     0.192     2656.5    -9109.8    -4036.3    144.0    284.1    155.6 2025  7 27 12  0  7.480  0.0   2
     1625  23.858075  114.549308     2.282     4105.9    -2624.9    -1946.5    124.3    166.9    193.1 2025  7 27 16  0  6.110  0.0   2
     1631  23.919476  114.513411     3.627      449.1     4175.6     -601.4    282.9    409.9    156.5 2025  7 27 22  0  4.940  0.0   2
     1633  23.900625  114.504167     1.127     -492.6     2087.7    -3101.3    166.3    168.1    135.6 2025  7 28  0  0  6.220  0.0   2
     1639  23.935443  114.502962     1.290     -614.9     5944.1    -2938.0    158.5     68.8     89.5 2025  7 28  6  0  7.390  0.0   2
     1644  23.877096  114.527808     4.375     1915.1     -518.2      146.9    204.9     92.8     82.7 2025  7 28 11  0  4.780  0.0   2
     1654  23.908612  114.506185     0.973     -286.9     2972.4    -3254.9    167.4    169.4    208.8 2025  7 28 21  0  6.840  0.0   2
     1662  23.935758  114.480737     2.240    -2877.5     5978.9    -1988.1    232.2    160.1     94.7 2025  7 29  5  0  7.590  0.0   2
     1663  23.794324  114.519604     9.388     1079.9    -9685.9     5159.8    167.6    178.7     58.0 2025  7 29  6  0  1.740  0.0   2
     1664  23.925252  114.476774     1.288    -3281.6     4815.4    -2939.8    190.3    215.1    134.9 2025  7 29  7  0  7.960  0.0   2
     1676  23.915517  114.497306     0.637    -1190.6     3737.3    -3591.2    189.3    167.0     93.3 2025  7 29 19  0  8.120  0.0   2
     1677  23.805135  114.541821     1.982     3343.5    -8488.4    -2245.6    163.3    200.0    118.9 2025  7 29 20  0  4.700  0.0   2
     1678  23.918321  114.503809     0.776     -529.1     4047.7    -3452.4    123.5    150.6     84.0 2025  7 29 21  0  8.420  0.0   2
     1679  23.802932  114.534871     1.675     2635.9    -8732.4    -2553.4    170.2    228.1    115.8 2025  7 29 22  0  5.880  0.0   2
     1684  23.850496  114.539795     1.560     3136.9    -3464.3    -2668.0    174.7    183.1     84.9 2025  7 30  3  0  5.260  0.0   2
     1690  23.925407  114.503076     0.523     -603.3     4832.6    -3705.0    155.2    208.6    224.9 2025  7 30  9  0  9.030  0.0   2
     1691  23.913279  114.456868     6.116    -5309.1     3489.4     1888.4    309.5    317.1    146.2 2025  7 30 10  0  5.450  0.0   2
     1695  23.807353  114.529842     1.565     2123.0    -8242.7    -2663.0    230.2    191.4     88.9 2025  7 30 14  0  4.830  0.0   2
     1696  23.877386  114.524479     1.629     1576.7     -486.1    -2599.5    268.2    200.6     88.1 2025  7 30 15  0  6.850  0.0   2
     1701  23.949902  114.469531     4.094    -4018.9     7545.5     -134.0    304.3    175.8    138.2 2025  7 30 20  0  5.480  0.0   2
     1702  23.914176  114.503109     0.721     -599.9     3588.7    -3506.7    209.2    203.6    154.1 2025  7 30 21  0  6.840  0.0   2
     1712  23.848842  114.543351     1.215     3499.0    -3647.5    -3012.9    159.2    170.7    185.4 2025  7 31  7  0  6.020  0.0   2
     1724  23.845207  114.521224     1.881     1244.8    -4050.1    -2346.8    160.7    193.1    111.8 2025  7 31 20  0  6.840  0.0   2
     1729  23.849711  114.536434     0.568     2794.7    -3551.3    -3659.4    158.3    176.1    212.1 2025  8  1  1  0  9.000  0.0   2
     1731  23.919710  114.501880     0.570     -725.5     4201.7    -3658.2    156.8    141.5    114.3 2025  8  1  3  0  5.710  0.0   2
     1737  23.934835  114.456632     7.560    -5332.6     5876.8     3332.1    301.6    549.2    189.9 2025  8  1  9  0  4.300  0.0   2
     1741  23.922156  114.500041     2.007     -912.6     4472.4    -2221.0    199.7    359.3    143.6 2025  8  1 13  0  4.470  0.0   2
     1750  23.922573  114.497274     0.517    -1193.9     4518.7    -3711.1    107.4    150.1    148.2 2025  8  1 22  0  4.600  0.0   2
     1752  23.933348  114.475716     1.573    -3389.0     5712.0    -2654.6    131.2    208.5    112.5 2025  8  2  0  0  3.920  0.0   2
     1764  23.923971  114.498608     0.922    -1057.9     4673.4    -3306.0    157.5    143.4    136.2 2025  8  2 12  0  5.620  0.0   2
     1781  23.850883  114.518294     3.417      946.9    -3421.5     -811.2    209.1    253.2    108.4 2025  8  3  5  0  5.990  0.0   2
     1783  23.819769  114.525155     0.707     1645.9    -6867.6    -3520.6    159.5    156.8    116.3 2025  8  3  7  0  8.280  0.0   2
     1785  23.919633  114.501554     0.401     -758.1     4193.0    -3827.6    118.9    110.7    103.9 2025  8  3  9  0  6.930  0.0   2
     1786  23.915143  114.513452     2.341      453.4     3695.7    -1887.2    166.7    216.5    129.5 2025  8  3 10  0  6.450  0.0   2
     1791  23.884397  114.527515     2.436     1885.4      290.5    -1792.1    220.5    135.6     83.6 2025  8  3 15  0  5.700  0.0   2
     1799  23.930031  114.483008     0.970    -2646.4     5344.8    -3256.7    123.6    220.7    103.9 2025  8  3 23  0  9.000  0.0   2
     1810  23.859615  114.543994     2.148     3564.3    -2454.4    -2080.6    206.8    148.3    146.5 2025  8  4 10  0  5.100  0.0   2
     1815  23.848413  114.526595     0.589     1792.2    -3694.9    -3638.8    150.1    116.7     89.2 2025  8  4 15  0  6.680  0.0   2
     1823  23.912166  114.503979     1.863     -511.1     3366.1    -2364.8    180.7    171.2     94.5 2025  8  4 23  0  7.660  0.0   2
     1825  23.919346  114.498706     0.473    -1047.9     4161.2    -3755.5    144.0    138.2    140.0 2025  8  5  1  0  8.620  0.0   2
     1832  23.844381  114.535832     0.398     2732.7    -4141.7    -3828.7    100.2     99.4    130.0 2025  8  5  8  0  5.860  0.0   2
     1841  23.785311  114.526571     2.142     1790.2   -10684.1    -2086.4    169.7    142.4    141.5 2025  8  5 17  0  3.640  0.0   2
     1852  23.841589  114.538029     1.105     2957.0    -4450.8    -3122.9    149.2    171.9    114.6 2025  8  6  4  0  6.090  0.0   2
     1860  23.845404  114.538346     3.114     2989.3    -4028.4    -1114.0    176.2    193.6    124.2 2025  8  6 12  0  5.740  0.0   2
     1864  23.852226  114.557731     4.838     4963.6    -3272.7      610.3    154.7    220.5     95.6 2025  8  6 16  0  5.500  0.0   2
     1865  23.807349  114.508472     4.214      -53.8    -8243.2      -14.5    181.0    181.7     86.1 2025  8  6 17  0  5.300  0.0   2
     1867  23.902954  114.506543     1.990     -249.9     2345.6    -2238.1    171.8    134.2    105.5 2025  8  6 19  0  7.600  0.0   2
     1871  23.923751  114.474788     1.220    -3483.4     4649.2    -3008.1    120.1    138.2    129.7 2025  8  6 23  0  6.620  0.0   2
     1875  23.855562  114.545142     9.077     3681.3    -2903.2     4848.4    315.6    192.6     91.1 2025  8  7  3  0  5.170  0.0   2
     1876  23.895868  114.450814     2.818    -5925.6     1561.0    -1410.5    174.2    181.4    215.4 2025  8  7  4  0  6.160  0.0   2
     1877  23.921476  114.458952     5.443    -5096.7     4397.2     1215.1    230.1    372.2    156.2 2025  8  7  5  0  6.210  0.0   2
     1883  23.937925  114.459334     3.325    -5057.3     6219.0     -903.6    266.0    262.1    139.3 2025  8  7 11  0  5.060  0.0   2
     1892  23.912103  114.503247     2.279     -585.8     3359.1    -1949.3    272.3    203.9    114.2 2025  8  7 20  0  5.480  0.0   2
     1894  23.928310  114.478125     0.383    -3143.8     5154.0    -3843.6    110.6    153.2    151.1 2025  8  7 22  0  6.060  0.0   2
     1907  23.917100  114.495215     1.378    -1403.9     3912.5    -2850.4    133.6    150.5     73.6 2025  8  8 11  0  6.700  0.0   2
     1908  23.936646  114.481283     3.025    -2822.1     6077.3    -1202.1    289.8    204.4    102.4 2025  8  8 12  0  6.210  0.0   2
     1911  23.948059  114.463680     2.580    -4614.7     7341.5    -1648.6    248.6    288.3    208.7 2025  8  8 15  0  3.990  0.0   2
     1916  23.920890  114.505314     0.880     -375.4     4332.2    -3348.6    277.3    184.8    167.2 2025  8  8 20  0  6.360  0.0   2
     1926  23.933618  114.478524     1.796    -3103.4     5741.9    -2432.3    194.9    215.9    101.9 2025  8  9  6  0  6.380  0.0   2
     1927  23.934052  114.485181     4.363    -2425.5     5789.9      135.1    383.6    327.8    160.8 2025  8  9  7  0  6.070  0.0   2
     1933  23.888765  114.521501     0.369     1272.7      774.3    -3858.0    216.7    291.1    221.4 2025  8  9 13  0  7.040  0.0   2
     1937  23.925783  114.478906     1.174    -3064.4     4874.2    -3053.6    210.5    247.9    174.9 2025  8  9 17  0  7.680  0.0   2
     1939  23.931014  114.496883     9.164    -1233.5     5453.6     4936.2    501.6    559.2    182.2 2025  8  9 19  0  5.760  0.0   2
     1943  23.932609  114.537223     9.025     2874.1     5630.1     4796.9    306.6    484.4    171.0 2025  8  9 23  0  4.000  0.0   2
     1950  23.940580  114.534115     8.939     2556.8     6513.0     4710.6    280.8    298.3    147.5 2025  8 10  6  0  4.400  0.0   2
     1957  23.926510  114.482080     1.281    -2741.3     4954.6    -2947.3    147.8    198.6    111.3 2025  8 10 13  0  8.470  0.0   2
     1962  23.926046  114.507430     1.388     -160.0     4903.3    -2840.1    138.6    156.6    112.4 2025  8 10 18  0  7.500  0.0   2
     1970  23.798393  114.545215     1.578     3689.4    -9235.2    -2649.7    194.7    382.0    149.2 2025  8 11  2  0  5.540  0.0   2
     1981  23.842574  114.537354     2.506     2887.8    -4341.8    -1722.0    206.5    207.6     76.8 2025  8 11 13  0  5.520  0.0   2
     1986  23.907485  114.555558     8.165     4741.0     2847.6     3936.9    326.5    442.7    184.3 2025  8 11 18  0  5.560  0.0   2
     2000  23.807701  114.537484     1.737     2901.8    -8204.3    -2490.8    148.8    160.4     98.7 2025  8 12  8  0  4.350  0.0   2
     2011  23.916353  114.499447     0.822     -973.0     3829.9    -3405.8    115.0    130.3     61.0 2025  8 12 19  0  8.400  0.0   2
     2018  23.897957  114.510392     1.892      141.8     1792.3    -2335.8    185.1    137.5     91.7 2025  8 13  2  0  8.830  0.0   2
     2027  23.913696  114.502181     1.472     -694.5     3535.6    -2756.3    148.1    134.4    109.8 2025  8 13 11  0  8.950  0.0   2
     2040  23.933818  114.472396     1.630    -3727.3     5764.1    -2598.4    144.8    206.9    124.9 2025  8 14  0  0  6.180  0.0   2
     2043  23.918945  114.497184     0.503    -1203.1     4116.9    -3725.4    128.2    164.3    107.9 2025  8 14  3  0  7.110  0.0   2
     2052  23.910437  114.470036     2.254    -3967.8     3174.5    -1974.0    210.3    138.6    112.4 2025  8 14 12  0  5.240  0.0   2
     2062  23.838660  114.531608     1.656     2302.6    -4775.4    -2572.1    206.8    137.5    100.9 2025  8 14 22  0  8.520  0.0   2
     2073  23.964317  114.479924     5.003    -2960.6     9142.0      774.9    210.9    116.4    107.5 2025  8 15  9  0  3.880  0.0   2
     2077  23.970778  114.461646     5.424    -4821.3     9857.7     1196.2    196.2    124.7    117.9 2025  8 15 13  0  4.830  0.0   2
     2081  23.921661  114.501270     0.404     -787.5     4417.6    -3823.7     80.6    200.9    198.2 2025  8 15 17  0  6.360  0.0   2
     2089  23.918911  114.503215     0.230     -589.6     4113.0    -3998.0    180.8    160.7    272.2 2025  8 16  1  0  8.160  0.0   2
     2103  23.854706  114.559920     3.105     5186.1    -2998.0    -1123.1    157.8    225.5    153.5 2025  8 16 15  0  7.200  0.0   2
     2112  23.919472  114.493571     9.171    -1571.4     4175.2     4943.0    461.8    561.2    138.9 2025  8 17  0  0  5.630  0.0   2
     2113  23.850179  114.537191     1.152     2871.0    -3499.4    -3075.0    112.9    131.5    124.6 2025  8 17  1  0  7.710  0.0   2
     2116  23.854765  114.540316     2.698     3189.2    -2991.5    -1530.0    147.3    190.4     81.0 2025  8 17  4  0  7.850  0.0   2
     2121  23.812962  114.529240     0.816     2061.8    -7621.6    -3412.6    229.0    157.5    191.3 2025  8 17  9  0  7.810  0.0   2
     2130  23.903225  114.526603     2.111     1792.7     2375.6    -2116.7    112.4    160.4    174.7 2025  8 17 18  0  7.000  0.0   2
     2135  23.918634  114.498755     0.354    -1043.0     4082.3    -3873.0    119.1    112.1    132.9 2025  8 17 23  0  9.680  0.0   2
     2137  23.913550  114.503158     0.881     -594.9     3519.4    -3347.0    119.0    118.9    156.4 2025  8 18  1  0  9.440  0.0   2
     2151  23.936281  114.485750     1.495    -2367.1     6036.9    -2733.0    188.5    176.5    136.9 2025  8 18 15  0  9.450  0.0   2
     2159  23.919891  114.497559     0.196    -1164.9     4221.7    -4031.6    108.8    116.8    136.3 2025  8 18 23  0 10.740  0.0   2
     2172  23.844236  114.539779     0.801     3135.0    -4157.6    -3426.6    204.6    270.7    164.0 2025  8 19 12  0  7.080  0.0   2
     2203  23.990900  114.504956     8.696     -411.9    12086.3     4467.6    200.7    121.9    113.3 2025  8 20 19  0  4.200  0.0   2
     2207  23.923271  114.465259     1.727    -4454.1     4596.0    -2501.3    123.8    183.8    113.4 2025  8 20 23  0  7.780  0.0   2
     2211  23.937571  114.477661     3.020    -3191.3     6179.8    -1207.7    325.1    207.1    103.2 2025  8 21  3  0  5.740  0.0   2
     2212  23.921621  114.499479     9.217     -969.7     4413.2     4989.3    689.1   1029.8    144.1 2025  8 21  4  0  4.630  0.0   2
     2213  23.930634  114.450122     2.756    -5995.4     5411.5    -1472.1    146.8    630.2    161.3 2025  8 21  5  0  5.640  0.0   2
     2216  23.845898  114.528898     0.398     2026.9    -3973.6    -3830.1    147.2    165.3    141.5 2025  8 21  8  0  9.560  0.0   2
     2219  23.919971  114.498918     1.153    -1026.6     4230.4    -3075.4    126.5    160.5     86.4 2025  8 21 11  0  8.670  0.0   2
     2220  23.938458  114.475684     1.098    -3392.7     6278.1    -3130.0    131.5    136.5    132.6 2025  8 21 12  0  5.710  0.0   2
     2222  23.924880  114.475285     1.145    -3433.0     4774.1    -3081.9    173.5    166.3    124.8 2025  8 21 14  0  6.220  0.0   2
     2229  23.914555  114.497746     0.912    -1145.7     3630.5    -3316.0    125.0    118.1    126.6 2025  8 21 21  0  8.560  0.0   2
     2230  23.931034  114.474146     0.513    -3549.3     5455.8    -3713.8    118.3    182.8    109.7 2025  8 21 22  0  5.760  0.0   2
     2233  23.913926  114.491829     1.991    -1748.9     3560.9    -2237.5    191.6    223.1    111.6 2025  8 22  1  0  6.330  0.0   2
     2238  23.929578  114.473714     0.646    -3593.1     5294.4    -3582.5    133.0    216.7    105.6 2025  8 22  6  0  7.730  0.0   2
     2239  23.919456  114.471997     0.532    -3767.8     4173.5    -3696.0    177.1    161.9    193.5 2025  8 22  7  0  7.850  0.0   2
