        1  23.894163  114.509180     2.775       17.9     1372.1    -1453.2    115.3    105.4     66.5 2025  5 20 23 59 59.520  0.0   2
        2  23.893781  114.510067     4.877      108.8     1329.6      649.1     99.9     84.6     61.1 2025  5 21  0 59 59.440  0.0   2
        3  23.895422  114.509644     7.039       65.8     1511.5     2810.9     93.9    108.9     84.4 2025  5 21  1 59 59.420  0.0   2
        4  23.894708  114.514201     9.111      529.8     1432.5     4883.2    146.1    105.7     54.2 2025  5 21  2 59 59.420  0.0   2
        8  23.880096  114.519108     3.730     1029.0     -186.0     -498.5    161.8    154.1     85.8 2025  5 21  6  0  2.690  0.0   2
       10  23.918144  114.499357     0.333     -981.7     4028.1    -3894.3    172.2    174.6    140.2 2025  5 21  8  0  5.110  0.0   2
       11  23.894055  114.518750     2.670      993.2     1360.1    -1558.4     96.6    105.4     72.8 2025  5 21  9 59 59.510  0.0   2
       12  23.892788  114.519295     5.216     1048.2     1219.8      988.0    101.8     89.9     74.7 2025  5 21 10 59 59.350  0.0   2
       13  23.894189  114.518449     7.306      962.0     1375.0     3077.7     86.0    114.6     69.0 2025  5 21 11 59 59.350  0.0   2
       17  23.874375  114.506242    10.213     -280.9     -819.6     5984.7    456.4    322.4    155.2 2025  5 21 15  0  0.250  0.0   2
       19  23.917322  114.480835     5.492    -2867.8     3937.1     1264.2    391.0    307.0    126.4 2025  5 21 17  0  3.000  0.0   2
       21  23.890407  114.525195     2.566     1649.5      956.2    -1661.9    115.1    113.8     70.5 2025  5 21 19 59 59.520  0.0   2
       22  23.888898  114.523999     4.955     1527.3      788.9      726.7     94.2     89.6     49.6 2025  5 21 20 59 59.400  0.0   2
       23  23.890995  114.526025     7.145     1734.1     1021.1     2916.8    133.7     86.5     64.5 2025  5 21 21 59 59.360  0.0   2
       24  23.893642  114.533822     9.356     2527.6     1314.5     5128.3    223.7    161.0     80.4 2025  5 21 22 59 59.320  0.0   2
       28  23.921336  114.557463     8.373     4935.0     4381.6     4144.9    496.0    398.3    309.9 2025  5 22  2  0  0.940  0.0   2
       29  23.883661  114.509595     9.332       60.5      208.9     5103.4    179.9    242.6     48.1 2025  5 22  3  0  1.670  0.0   2
       31  23.887600  114.535417     3.162     2690.0      645.2    -1066.5    146.0    119.4     98.9 2025  5 22  5 59 59.360  0.0   2
       32  23.884406  114.529468     5.007     2084.3      291.4      778.6    100.0     74.8     86.5 2025  5 22  6 59 59.370  0.0   2
       33  23.887286  114.536312     7.193     2781.4      610.4     2965.0     87.9    129.2     61.0 2025  5 22  7 59 59.320  0.0   2
       34  23.885950  114.536605     9.281     2811.2      462.4     5052.8    144.6    195.5     79.4 2025  5 22  8 59 59.410  0.0   2
       37  23.879828  114.526619    10.925     1794.3     -215.5     6696.5    236.7    136.4     52.4 2025  5 22 11  0  0.060  0.0   2
       40  23.839199  114.530575     1.074     2197.2    -4715.5    -3154.4    225.9    189.4    148.1 2025  5 22 14  0  4.850  0.0   2
       41  23.877057  114.530420     2.717     2181.1     -522.5    -1511.2    101.9     91.0     62.5 2025  5 22 15 59 59.550  0.0   2
       42  23.878050  114.533114     4.958     2455.6     -412.6      729.8    106.6     68.4     78.5 2025  5 22 16 59 59.400  0.0   2
       43  23.877327  114.530151     7.284     2154.0     -492.6     3055.7    145.1    132.3    102.3 2025  5 22 17 59 59.440  0.0   2
       45  23.877057  114.528630    10.718     1999.5     -522.5     6489.7    216.7    123.5     51.4 2025  5 22 19 59 59.560  0.0   2
       49  23.866254  114.561629     0.737     5360.1    -1719.1    -3490.1    233.4    280.6    478.3 2025  5 22 23  0  3.380  0.0   2
       50  23.898983  114.520207     2.925     1140.8     1905.8    -1303.4    222.3    240.0    129.4 2025  5 23  0  0  4.090  0.0   2
       51  23.869350  114.528711     2.647     2007.8    -1376.2    -1580.8     96.7     74.5     60.8 2025  5 23  1 59 59.550  0.0   2
       52  23.872019  114.534115     5.128     2557.8    -1080.6      899.8    128.7     62.6     99.9 2025  5 23  2 59 59.260  0.0   2
       53  23.869080  114.529574     7.643     2095.6    -1406.1     3414.8    130.2    114.1     51.5 2025  5 23  3 59 59.340  0.0   2
       54  23.869541  114.529622     8.950     2100.4    -1355.0     4721.9    284.6    166.4    106.0 2025  5 23  4 59 59.420  0.0   2
       55  23.871006  114.529663    10.696     2104.9    -1192.7     6467.5    225.4    138.1     60.1 2025  5 23  5 59 59.560  0.0   2
       56  23.922091  114.474032     2.280    -3560.7     4465.1    -1947.8    192.2    159.0     81.2 2025  5 23  6  0  2.800  0.0   2
       59  23.936151  114.479736     1.793    -2979.6     6022.4    -2434.8    206.6    308.8    165.3 2025  5 23  9  0  4.350  0.0   2
       61  23.863544  114.524268     2.584     1554.9    -2019.3    -1644.1     88.9     67.2     67.0 2025  5 23 11 59 59.580  0.0   2
       62  23.865066  114.528540     4.938     1990.2    -1850.7      709.4    138.5     85.7     73.9 2025  5 23 12 59 59.400  0.0   2
       63  23.862585  114.523763     7.073     1503.5    -2125.4     2844.5    154.3    105.2     96.5 2025  5 23 13 59 59.420  0.0   2
       64  23.867301  114.534993    11.413     2647.4    -1603.0     7185.1    297.5    185.9     82.1 2025  5 23 14 59 58.780  0.0   2
       70  23.855446  114.540194     3.754     3177.0    -2916.0     -473.6    187.0    179.5    106.5 2025  5 23 20  0  3.820  0.0   2
       71  23.859778  114.517171     2.639      832.6    -2436.4    -1589.2     63.0     66.1     73.1 2025  5 23 21 59 59.520  0.0   2
       72  23.860885  114.520825     4.575     1204.3    -2313.7      346.5    154.8     91.8     54.4 2025  5 23 22 59 59.500  0.0   2
       73  23.859261  114.518140     7.450      930.8    -2493.5     3221.7    131.1     94.2     53.8 2025  5 23 23 59 59.320  0.0   2
       74  23.859829  114.521948     9.114     1318.5    -2430.7     4886.4    176.4     99.5    100.9 2025  5 24  0 59 59.410  0.0   2
       76  23.858370  114.508040    13.166      -97.8    -2592.2     8938.1    433.9    294.0    120.6 2025  5 24  2 59 59.400  0.0   2
       80  23.858455  114.517033     7.876      817.8    -2582.8     3647.9    266.6    161.8     76.1 2025  5 24  6  0  2.630  0.0   2
       81  23.858087  114.510286     2.787      130.7    -2623.5    -1441.5     70.7     70.0     76.3 2025  5 24  7 59 59.500  0.0   2
       83  23.859025  114.517887     8.402      904.8    -2519.6     4174.2    146.0     92.1     51.8 2025  5 24  9 59 59.110  0.0   2
       84  23.855872  114.511922     9.713      298.0    -2868.9     5485.1    162.1    114.9     83.0 2025  5 24 10 59 59.310  0.0   2
       86  23.854696  114.500716     9.653     -844.1    -2999.1     5425.1    163.4    151.5     90.0 2025  5 24 11 59 59.780  0.0   2
       87  23.822005  114.520597     4.279     1181.0    -6619.9       51.1    158.6    184.8     62.7 2025  5 24 13  0  2.130  0.0   2
       91  23.859863  114.505404     3.268     -366.7    -2426.9     -960.5     68.3     74.9     61.9 2025  5 24 17 59 59.400  0.0   2
       92  23.859509  114.501774     5.454     -735.7    -2466.0     1226.1     87.0     86.5     78.7 2025  5 24 18 59 59.320  0.0   2
       93  23.860482  114.504126     7.536     -496.8    -2358.4     3308.4    115.6    124.6    101.2 2025  5 24 19 59 59.280  0.0   2
       98  23.834770  114.504224     9.365     -486.7    -5206.2     5136.4    228.5    134.9     84.6 2025  5 25  0  0  1.210  0.0   2
       99  23.802450  114.527498     1.070     1884.8    -8785.8    -3156.7    181.8    252.1     92.8 2025  5 25  1  0  4.710  0.0   2
      101  23.864455  114.498486     3.544    -1070.5    -1918.3     -683.8     78.4     75.2     72.6 2025  5 25  3 59 59.410  0.0   2
      102  23.864583  114.497005     5.760    -1221.9    -1904.0     1531.5     91.1     78.6     87.7 2025  5 25  4 59 59.260  0.0   2
      103  23.864992  114.497892     7.703    -1131.6    -1858.8     3475.0    113.8    128.5     65.0 2025  5 25  5 59 59.290  0.0   2
      105  23.859127  114.491195    12.085    -1813.6    -2508.4     7856.8    162.8    132.4     90.0 2025  5 25  7 59 59.120  0.0   2
      108  23.885158  114.481681     6.821    -2782.1      374.7     2592.6    193.4    124.9     77.5 2025  5 25 10  0  1.800  0.0   2
      109  23.933187  114.509391     4.929       39.6     5694.3      701.3    335.6    285.2    201.9 2025  5 25 11  0  3.150  0.0   2
      110  23.920662  114.490649     7.681    -1869.0     4307.1     3453.2    331.3    411.2    114.9 2025  5 25 12  0  3.030  0.0   2
      111  23.870569  114.492912     3.801    -1638.9    -1241.1     -427.2     71.6     78.7     92.2 2025  5 25 13 59 59.330  0.0   2
      112  23.872194  114.495182     6.007    -1407.2    -1061.0     1778.7     86.8     81.9     53.0 2025  5 25 14 59 59.260  0.0   2
      113  23.864217  114.491642     7.345    -1767.9    -1944.6     3117.4    174.6    185.0    129.6 2025  5 25 15 59 59.330  0.0   2
      114  23.867065  114.492456     9.165    -1685.4    -1629.2     4936.7    334.4    251.5    141.6 2025  5 25 16 59 59.420  0.0   2
      117  23.815493  114.531885     2.937     2331.5    -7341.1    -1291.1    239.4    208.6    100.0 2025  5 25 19  0  2.720  0.0   2
      119  23.905961  114.487288     2.666    -2211.5     2678.9    -1562.2    183.9    136.3    112.9 2025  5 25 21  0  3.700  0.0   2
      121  23.875454  114.488444     3.048    -2093.7     -700.2    -1180.6     83.7    104.2     91.9 2025  5 25 23 59 59.440  0.0   2
      122  23.876233  114.493001     4.997    -1629.5     -613.7      768.8     75.6     72.2    131.3 2025  5 26  0 59 59.340  0.0   2
      123  23.881834  114.498185     8.132    -1101.4        6.6     3904.2    179.7    157.7     94.6 2025  5 26  1 59 59.190  0.0   2
      127  23.826078  114.536255     4.801     2776.2    -6168.7      573.2    261.6    256.6    144.9 2025  5 26  5  0  2.250  0.0   2
      128  23.866034  114.508667     6.425      -33.9    -1743.5     2197.1    109.6    157.0     59.6 2025  5 26  6  0  1.960  0.0   2
      129  23.782253  114.498910     8.629    -1028.3   -11022.6     4400.8    409.5    481.4    241.2 2025  5 26  7  0  2.330  0.0   2
      131  23.881765  114.493237     3.832    -1605.3       -1.1     -396.2    104.0     83.9     39.9 2025  5 26  9 59 59.320  0.0   2
      132  23.882778  114.492025     5.095    -1728.9      111.1      866.6     76.3     64.9     49.2 2025  5 26 10 59 59.380  0.0   2
      133  23.884074  114.492285     7.011    -1702.1      254.6     2782.5    153.5    125.8     73.1 2025  5 26 11 59 59.450  0.0   2
      134  23.883834  114.494401     9.115    -1487.3      228.0     4887.4    180.8    142.8     88.2 2025  5 26 12 59 59.460  0.0   2
      136  23.810474  114.532161     1.467     2359.1    -7897.0    -2761.5    164.9    196.6    117.3 2025  5 26 14  0  2.900  0.0   2
      139  23.843683  114.533171     0.998     2461.9    -4218.9    -3230.2    207.5    177.6     82.4 2025  5 26 17  0  4.420  0.0   2
      140  23.847784  114.514258     2.523      535.8    -3764.7    -1704.6    224.1    201.0    126.6 2025  5 26 18  0  4.320  0.0   2
      141  23.889671  114.496110     2.702    -1313.0      874.6    -1525.7    140.2    127.2    105.8 2025  5 26 19 59 59.480  0.0   2
      142  23.888104  114.495353     4.894    -1389.6      701.0      666.3     75.2     57.7     33.2 2025  5 26 20 59 59.440  0.0   2
      143  23.893156  114.500269     7.144     -889.4     1260.6     2915.5    106.5     80.2     46.4 2025  5 26 21 59 59.400  0.0   2
      148  23.904368  114.511271    11.071      231.6     2502.3     6842.5    966.9    966.6    275.5 2025  5 27  2  0  0.590  0.0   2
      149  23.844267  114.532349     1.689     2378.1    -4154.3    -2539.2    219.2    178.0    117.8 2025  5 27  3  0  4.240  0.0   2
      150  23.862026  114.525806     2.437     1711.3    -2187.3    -1791.1    318.4     89.6     66.7 2025  5 27  4  0  4.500  0.0   2
      151  23.893245  114.502230     2.550     -689.5     1270.4    -1678.1    128.3    113.9     60.4 2025  5 27  5 59 59.960  0.0   2
      152  23.894104  114.504549     4.620     -453.6     1365.6      392.1     99.0     80.9     81.3 2025  5 27  6 59 59.450  0.0   2
      153  23.891547  114.502238     6.872     -688.6     1082.2     2643.7    125.5     89.8     85.5 2025  5 27  7 59 59.460  0.0   2
      154  23.896112  114.510726     9.383      175.9     1588.0     5155.3    144.9    107.8     55.2 2025  5 27  8 59 59.360  0.0   2
      158  23.820164  114.545703     5.343     3738.6    -6823.7     1115.0    254.6    375.9    154.7 2025  5 27 12  0  2.800  0.0   2
      159  23.869824  114.547412     0.113     3912.6    -1323.5    -4114.1    112.0    178.9    470.4 2025  5 27 13  0  3.930  0.0   2
      161  23.915582  114.513395     2.624      447.9     3744.5    -1604.1    197.5    156.3    142.7 2025  5 27 15 59 59.480  0.0   2
      162  23.916325  114.513908     5.140      499.9     3826.6      911.9    129.8    196.3    114.1 2025  5 27 16 59 59.360  0.0   2
      163  23.919550  114.505526     9.010     -354.2     4183.8     4782.2    322.7    262.7    105.7 2025  5 27 17 59 58.920  0.0   2
      164  23.918123  114.510229    10.080      125.3     4025.7     5851.6    396.9    263.9    135.7 2025  5 27 18 59 59.160  0.0   2
      168  23.828599  114.538477     4.006     3002.6    -5889.6     -222.3    202.0    152.8    129.0 2025  5 27 22  0  3.520  0.0   2
      170  23.921867  114.501929     1.200     -720.4     4440.5    -3027.8    213.2    178.5    105.2 2025  5 28  0  0  4.600  0.0   2
      171  23.912897  114.528353     2.953     1970.5     3447.0    -1274.8    169.1    212.4    179.8 2025  5 28  1 59 59.400  0.0   2
      172  23.912268  114.527987     4.816     1933.2     3377.3      587.6     84.9    190.0    109.2 2025  5 28  2 59 59.410  0.0   2
      173  23.912852  114.526530     7.103     1785.1     3442.0     2875.4    178.4    174.4    121.1 2025  5 28  3 59 59.380  0.0   2
      174  23.912472  114.526571     9.063     1789.0     3399.8     4835.0    220.1    267.4    124.8 2025  5 28  4 59 59.400  0.0   2
      176  23.911186  114.529639    12.092     2101.7     3257.5     7864.0    146.1    185.6     78.0 2025  5 28  6 59 59.720  0.0   2
      181  23.904954  114.543644     3.048     3527.9     2567.3    -1179.8    192.7    324.9    206.0 2025  5 28 11 59 59.390  0.0   2
      183  23.903908  114.537703     7.629     2923.3     2451.4     3400.5    143.6    134.8     98.4 2025  5 28 13 59 59.350  0.0   2
      184  23.904521  114.538973     8.652     3051.9     2519.2     4423.4    139.3    142.5    105.3 2025  5 28 14 59 59.540  0.0   2
      190  23.939646  114.489461     9.831    -1989.7     6409.7     5602.6    474.3    684.0    171.5 2025  5 28 20  0  2.480  0.0   2
      194  23.892603  114.550708     9.225     4247.7     1199.2     4996.9    186.0    202.7     99.4 2025  5 29  0 59 59.430  0.0   2
      196  23.888483  114.533341     8.422     2478.9      742.9     4193.4    187.0    200.2     88.5 2025  5 29  2  0  0.230  0.0   2
      197  23.920433  114.505135     0.768     -393.4     4281.5    -3460.1    103.9    187.5    115.3 2025  5 29  3  0  3.300  0.0   2
      200  23.843085  114.528727     1.084     2008.9    -4285.1    -3144.1    109.1     96.9    159.5 2025  5 29  6  0  4.690  0.0   2
      201  23.843154  114.530575     3.185     2197.6    -4277.5    -1043.5    256.6    208.5     87.9 2025  5 29  7  0  4.810  0.0   2
      202  23.877710  114.547990     6.495     3971.0     -450.3     2266.7    252.0    224.7    137.2 2025  5 29  8 59 59.130  0.0   2
      203  23.874056  114.522404     9.148     1364.8     -854.9     4920.2    408.4    196.5     92.8 2025  5 29  9 59 58.980  0.0   2
      204  23.876644  114.549577    10.132     4132.2     -568.4     5903.7    280.5    213.0    125.6 2025  5 29 10 59 59.160  0.0   2
      205  23.872906  114.540023    11.883     3159.4     -982.3     7655.3    289.6    206.1     94.9 2025  5 29 11 59 59.340  0.0   2
      207  23.875437  114.540365     9.309     3194.0     -701.9     5080.9    356.7    272.4    107.6 2025  5 29 13  0  0.540  0.0   2
      211  23.864492  114.548633     2.880     4036.2    -1914.2    -1347.8    158.6    175.2    126.4 2025  5 29 17 59 59.440  0.0   2
      212  23.862453  114.541748     5.026     3335.8    -2140.0      798.3    192.8    129.9     98.0 2025  5 29 18 59 59.460  0.0   2
      214  23.861597  114.541130     6.073     3272.7    -2235.0     1845.2    231.1    171.4    101.8 2025  5 29 19 59 59.720  0.0   2
      216  23.862988  114.537712     8.112     2924.0    -2080.8     3883.8    379.9    260.5    135.5 2025  5 29 22  0  0.240  0.0   2
      217  23.856716  114.522567    11.045     1381.6    -2775.5     6816.5    465.7    254.8     78.7 2025  5 29 23  0  0.060  0.0   2
      220  23.815043  114.524398     1.377     1568.5    -7391.0    -2851.4    172.2    136.0     85.6 2025  5 30  2  0  4.700  0.0   2
      221  23.851481  114.538794     2.305     3034.4    -3355.3    -1923.3    129.0    135.9    121.6 2025  5 30  3 59 59.610  0.0   2
      222  23.850645  114.537402     4.515     2892.6    -3447.8      287.2    200.9    174.3     80.9 2025  5 30  4 59 59.420  0.0   2
      223  23.849951  114.535465     7.007     2695.5    -3524.8     2779.1    453.3    193.7    135.3 2025  5 30  5 59 59.370  0.0   2
      224  23.848234  114.538981     9.251     3053.4    -3714.9     5023.2    459.4    306.1    119.7 2025  5 30  6 59 59.360  0.0   2
      226  23.769580  114.516227     8.394      736.3   -12426.4     4165.6    790.7    518.4    350.1 2025  5 30  8  0  0.300  0.0   2
      229  23.902045  114.504647     3.331     -443.0     2245.1     -897.5    313.5    229.8    154.5 2025  5 30 11  0  3.790  0.0   2
      230  23.911619  114.503206     3.738     -589.9     3305.3     -489.6    274.3    282.5    105.5 2025  5 30 12  0  4.400  0.0   2
      231  23.845799  114.528752     2.690     2012.1    -3984.6    -1537.8    165.2    143.0    106.8 2025  5 30 13 59 59.550  0.0   2
      232  23.842906  114.526750     5.008     1808.3    -4305.1      779.7    219.6    156.1     81.1 2025  5 30 14 59 59.380  0.0   2
      233  23.839801  114.525854     6.966     1716.7    -4648.9     2738.5    217.5     98.3     83.3 2025  5 30 15 59 59.460  0.0   2
      235  23.843837  114.519303     7.178     1049.6    -4201.7     2949.7    162.3    112.2     87.2 2025  5 30 16 59 59.900  0.0   2
      236  23.843833  114.524186    10.052     1546.8    -4202.3     5823.6    600.5    256.7    175.8 2025  5 30 17 59 59.760  0.0   2
      239  23.821071  114.530876     2.488     2228.3    -6723.3    -1740.6    182.7    125.6     96.2 2025  5 30 21  0  3.700  0.0   2
      241  23.841292  114.514543     3.384      564.4    -4483.8     -843.9    260.5    233.0    168.1 2025  5 30 23 59 59.440  0.0   2
      242  23.840822  114.509530     5.586       54.2    -4535.7     1358.1    115.9    176.9    112.3 2025  5 31  0 59 59.270  0.0   2
      243  23.838965  114.513493     7.215      457.9    -4741.6     2987.1    133.5    164.2     77.7 2025  5 31  1 59 59.370  0.0   2
      244  23.840216  114.495036     9.653    -1422.5    -4603.0     5424.5    138.2    178.1    103.8 2025  5 31  2 59 59.160  0.0   2
      248  23.845870  114.530103     1.568     2149.2    -3976.6    -2659.6    146.1    124.4     87.7 2025  5 31  6  0  3.370  0.0   2
      249  23.806030  114.532064     0.940     2349.6    -8389.1    -3287.7    167.4    200.6     73.6 2025  5 31  7  0  4.220  0.0   2
      250  23.765118  114.510799     9.604      183.2   -12920.4     5376.3    749.3    580.0    381.0 2025  5 31  8  0  2.070  0.0   2
      251  23.871511  114.514307     1.882      540.0    -1136.8    -2345.7    219.4    261.7    139.4 2025  5 31  9  0  5.150  0.0   2
      252  23.842753  114.499137     6.354    -1004.3    -4322.0     2125.8    119.9    199.0     85.1 2025  5 31 10 59 59.210  0.0   2
      253  23.842045  114.500977     8.575     -817.2    -4400.4     4347.2    163.2    180.5     69.8 2025  5 31 11 59 59.130  0.0   2
      255  23.844806  114.488363    10.291    -2102.5    -4094.5     6062.9    158.2    209.5     82.4 2025  5 31 13 59 59.580  0.0   2
      257  23.877433  114.501758    10.908     -737.7     -480.9     6680.2    485.0    366.4    160.5 2025  5 31 15  0  0.310  0.0   2
      259  23.816158  114.529614     2.167     2100.2    -7267.4    -2061.4    142.4    126.6    115.8 2025  5 31 17  0  3.880  0.0   2
      261  23.842015  114.523438     0.538     1470.9    -4403.7    -3689.0    113.5    125.7     96.3 2025  5 31 19  0  5.340  0.0   2
      263  23.881238  114.505436     4.374     -363.1      -59.4      145.6    145.4    184.9     88.7 2025  5 31 21  0  0.360  0.0   2
      264  23.878017  114.501156     4.405     -799.3     -416.3      176.6    106.2    108.9     53.4 2025  5 31 22  0  0.640  0.0   2
      265  23.883636  114.505428     4.436     -364.0      206.1      208.0    145.5    186.4     93.9 2025  5 31 23  0  1.080  0.0   2
      266  23.852848  114.493628    12.365    -1566.0    -3203.8     8136.7    176.1    128.4     87.0 2025  6  1  0 59 59.760  0.0   2
      268  23.898950  114.506315     5.618     -273.8     1902.3     1390.2    213.9    250.9     83.9 2025  6  1  2  0  2.380  0.0   2
      270  23.883285  114.510490     2.068      151.5      167.3    -2160.4    152.3    174.4     70.9 2025  6  1  4  0  4.580  0.0   2
      274  23.847630  114.451554     9.687    -5851.7    -3781.7     5458.6    241.8    243.9    183.7 2025  6  1  8 59 58.870  0.0   2
      279  23.922133  114.466154     3.461    -4363.4     4470.0     -767.5    199.9    307.4    117.4 2025  6  1 13  0  3.740  0.0   2
      280  23.918644  114.493587     3.340    -1569.7     4083.4     -887.8    231.4    255.6    114.8 2025  6  1 14  0  4.300  0.0   2
      282  23.892710  114.493888     1.849    -1538.8     1211.2    -2379.3    141.9    130.6    114.2 2025  6  1 16  0  0.430  0.0   2
      285  23.877386  114.470174    10.875    -3954.3     -486.1     6646.7    223.6    181.5    106.0 2025  6  1 19 59 59.520  0.0   2
      288  23.885236  114.561060     8.331     5302.0      383.2     4102.8    177.0    180.2     72.0 2025  6  1 22  0  1.480  0.0   2
      291  23.843494  114.530143     0.904     2153.3    -4239.8    -3323.9    101.0    101.4     87.7 2025  6  2  1  0  5.550  0.0   2
      292  23.890061  114.472876     5.478    -3679.2      917.8     1250.1    177.1    132.6     95.3 2025  6  2  2 59 59.310  0.0   2
      293  23.892733  114.475277     7.441    -3434.3     1213.7     3213.2    185.5    120.3     97.3 2025  6  2  3 59 59.360  0.0   2
      294  23.888572  114.471639     9.383    -3805.3      752.8     5154.5    259.6    248.7    137.8 2025  6  2  4 59 59.380  0.0   2
      296  23.843144  114.530868     1.149     2227.2    -4278.6    -3078.7    166.5    135.1     64.6 2025  6  2  6  0  3.180  0.0   2
      299  23.874628  114.507072     4.509     -196.7     -791.7      280.5    159.4    180.0     99.0 2025  6  2  9  0  3.090  0.0   2
      300  23.876976  114.506999     3.897     -203.7     -531.6     -330.8    115.5    133.6     91.9 2025  6  2 10  0  3.800  0.0   2
      301  23.900366  114.483187     2.988    -2628.8     2059.1    -1240.0    188.5    161.4    106.9 2025  6  2 11 59 59.500  0.0   2
      302  23.904531  114.478760     5.292    -3079.2     2520.3     1064.3    297.0    233.8    156.5 2025  6  2 12 59 59.360  0.0   2
      303  23.906689  114.483317     7.316    -2615.1     2759.4     3087.5    269.3    286.4    143.6 2025  6  2 13 59 59.350  0.0   2
      304  23.885071  114.460758    10.203    -4913.2      365.0     5975.2    196.6    287.4    127.6 2025  6  2 14 59 58.910  0.0   2
      305  23.879753  114.457992    11.313    -5195.3     -224.1     7084.4    406.2    496.7    207.3 2025  6  2 15 59 59.300  0.0   2
      310  23.881832  114.517228     2.012      837.5        6.4    -2215.7    176.9    176.2    100.7 2025  6  2 20  0  4.480  0.0   2
      311  23.910295  114.498291     2.817    -1090.5     3158.7    -1411.4    162.6    137.8     85.7 2025  6  2 21 59 59.480  0.0   2
      312  23.910716  114.492106     4.743    -1720.4     3205.3      514.8    243.5    188.1     96.0 2025  6  2 22 59 59.500  0.0   2
      313  23.912136  114.494238     7.038    -1503.0     3362.7     2809.9    275.2    226.0    122.9 2025  6  2 23 59 59.420  0.0   2
      314  23.907318  114.492399     9.267    -1691.0     2829.1     5039.4    432.5    361.5    113.5 2025  6  3  0 59 59.370  0.0   2
      315  23.907349  114.494450    10.768    -1482.0     2832.5     6540.1    608.4    531.5    138.4 2025  6  3  1 59 59.530  0.0   2
      321  23.936615  114.514543     3.011      564.1     6073.8    -1217.2    242.6    215.9    210.7 2025  6  3  7 59 59.350  0.0   2
      322  23.929437  114.509985     4.766      100.2     5279.0      537.4    223.6    437.8    195.2 2025  6  3  8 59 59.420  0.0   2
      324  23.932043  114.510872     9.761      190.3     5567.6     5532.4    348.6    344.3    148.0 2025  6  3 10 59 59.250  0.0   2
      325  23.933872  114.509188    12.031       18.8     5770.1     7803.0    409.8    442.6    183.5 2025  6  3 11 59 59.200  0.0   2
      326  23.933407  114.507788    13.656     -123.6     5718.6     9428.3    448.4    478.4    182.6 2025  6  3 12 59 59.250  0.0   2
      328  23.883616  114.516667     0.565      780.7      203.9    -3663.5    144.1    205.4     82.4 2025  6  3 14  0  3.750  0.0   2
      332  23.927999  114.539852     4.736     3141.1     5119.5      507.9    157.6    176.2    148.3 2025  6  3 18 59 59.360  0.0   2
      334  23.922813  114.527067     9.443     1839.8     4545.2     5215.4    224.0    323.5    131.7 2025  6  3 20 59 59.400  0.0   2
      339  23.820414  114.528451     1.590     1981.0    -6796.0    -2638.0    206.0    184.7    102.0 2025  6  4  1  0  5.100  0.0   2
      340  23.917096  114.490031     3.227    -1931.7     3912.1    -1001.3    235.9    215.8    124.6 2025  6  4  2  0  4.090  0.0   2
      342  23.914669  114.556820     5.795     4869.8     3643.1     1566.5     97.9    127.6    119.1 2025  6  4  4 59 59.170  0.0   2
      348  23.890061  114.525081     3.394     1637.8      917.7     -834.2    192.2    225.3    126.0 2025  6  4 10  0  3.020  0.0   2
      352  23.920199  114.582129     6.761     7446.8     4255.6     2533.3    484.2    585.9    479.6 2025  6  4 14 59 58.560  0.0   2
      359  23.850600  114.516333     7.073      747.0    -3452.8     2844.6    201.6    178.9     66.2 2025  6  4 21  0  2.580  0.0   2
      360  23.844364  114.521216     5.621     1244.5    -4143.4     1392.5    236.3    181.4     83.9 2025  6  4 22  0  3.580  0.0   2
      362  23.878821  114.563200     7.118     5520.2     -327.2     2889.9    163.1    203.9    119.3 2025  6  5  0 59 59.070  0.0   2
      363  23.877271  114.567822     9.117     5990.4     -498.8     4889.2    127.7    196.7    139.2 2025  6  5  1 59 58.960  0.0   2
      366  23.872375  114.562671     9.982     5466.3    -1041.0     5753.9    152.3    194.1     99.4 2025  6  5  3 59 59.850  0.0   2
      371  23.853306  114.570321     2.962     6245.8    -3153.2    -1266.2    186.9    342.6    265.3 2025  6  5  9 59 59.340  0.0   2
      372  23.854431  114.563444     5.218     5545.4    -3028.5      989.7    137.9    272.5    110.2 2025  6  5 10 59 59.410  0.0   2
      373  23.854144  114.568026     8.328     6012.2    -3060.4     4100.3    235.0    215.6    143.2 2025  6  5 11 59 59.040  0.0   2
      378  23.927895  114.517847     6.945      900.9     5108.1     2717.0    347.2    617.7    231.6 2025  6  5 16  0  2.640  0.0   2
      380  23.839469  114.534342     1.587     2581.0    -4685.7    -2641.2    163.5    124.3    196.5 2025  6  5 18  0  4.400  0.0   2
      381  23.840542  114.560270     3.002     5222.5    -4566.8    -1225.8     96.9    246.2    143.8 2025  6  5 19 59 59.280  0.0   2
      382  23.840411  114.554256     4.800     4610.0    -4581.4      571.9    176.9    358.6    120.4 2025  6  5 20 59 59.400  0.0   2
      383  23.836934  114.553101     7.006     4492.1    -4966.5     2777.7    157.6    146.0    112.8 2025  6  5 21 59 59.320  0.0   2
      384  23.836943  114.552661     8.644     4447.2    -4965.4     4415.7    262.7    262.6    139.1 2025  6  5 22 59 59.560  0.0   2
      389  23.843827  114.547795     4.871     3951.5    -4203.0      642.8    220.6    383.6    113.1 2025  6  6  3  0  2.910  0.0   2
      392  23.826060  114.531803     4.715     2322.7    -6170.9      486.6    259.0    228.2    111.8 2025  6  6  6 59 59.470  0.0   2
      393  23.827116  114.524146     6.637     1543.0    -6053.8     2408.7    796.3    380.5    230.7 2025  6  6  7 59 59.500  0.0   2
      395  23.887939  114.509530     2.988       53.6      682.7    -1240.5    196.6    126.9    126.0 2025  6  6  9  0  2.180  0.0   2
      396  23.814551  114.534172     2.339     2564.1    -7445.6    -1888.9    117.9    108.5     71.9 2025  6  6 10  0  1.910  0.0   2
      401  23.821580  114.509562     2.758       56.9    -6666.9    -1470.0    128.1    129.3    109.1 2025  6  6 15 59 59.470  0.0   2
      402  23.823452  114.507682     4.999     -134.0    -6459.6      770.5    153.2    202.7     89.4 2025  6  6 16 59 59.390  0.0   2
      403  23.821275  114.505070     7.227     -400.0    -6700.9     2999.2    240.8    138.9    169.1 2025  6  6 17 59 59.360  0.0   2
      404  23.821175  114.512150     8.624      320.4    -6711.9     4395.7    200.8    130.2    113.9 2025  6  6 18 59 59.480  0.0   2
      406  23.821151  114.510457     9.299      148.8    -6714.6     5070.7    197.9    139.5     96.0 2025  6  6 19 59 59.960  0.0   2
      407  23.875112  114.511117     3.893      215.6     -738.1     -334.7    189.5    218.3     98.0 2025  6  6 21  0  2.620  0.0   2
      410  23.915074  114.500586     0.708     -856.6     3688.0    -3520.2    126.3    150.8    147.3 2025  6  7  0  0  5.360  0.0   2
      413  23.822575  114.505314     3.711     -375.9    -6556.8     -517.6    114.6    168.5     80.0 2025  6  7  3  0  0.130  0.0   2
      418  23.808846  114.518604     3.508      977.9    -8077.2     -720.5    175.8    162.7     74.6 2025  6  7  8  0  2.910  0.0   2
      419  23.839396  114.506982    10.518     -205.5    -4693.7     6290.1    242.0    520.0    108.5 2025  6  7  9  0  1.430  0.0   2
      421  23.910697  114.504386     2.035     -469.5     3203.3    -2193.0    197.1    226.9    137.7 2025  6  7 11  0  5.640  0.0   2
      424  23.873684  114.495711     5.335    -1353.8     -896.1     1107.2     93.2    105.4     79.0 2025  6  7 14  0  0.730  0.0   2
      426  23.823488  114.517684     3.644      884.3    -6455.5     -584.2    114.3    134.3     65.8 2025  6  7 16  0  2.060  0.0   2
      428  23.918001  114.490356     2.700    -1898.8     4012.2    -1527.8    259.9    178.4    121.7 2025  6  7 18  0  3.800  0.0   2
      429  23.883488  114.457406     6.834    -5254.5      189.8     2606.2    415.3    211.6    187.2 2025  6  7 19  0  2.640  0.0   2
      431  23.856213  114.447510     6.946    -6262.8    -2831.1     2717.8     77.4    111.8     94.9 2025  6  7 21 59 58.760  0.0   2
      432  23.856344  114.452661     7.162    -5738.8    -2816.7     2933.5     80.2    109.7     94.3 2025  6  7 22 59 59.080  0.0   2
      433  23.870669  114.465869     8.597    -4392.8    -1230.0     4368.9    184.1    219.7    119.4 2025  6  7 23 59 59.500  0.0   2
      434  23.862899  114.455566     9.014    -5442.8    -2090.8     4785.7    236.8    284.9    179.9 2025  6  8  0 59 59.530  0.0   2
      440  23.888363  114.474715     7.096    -3492.1      729.6     2867.8    169.7    124.7     75.7 2025  6  8  6  0  3.040  0.0   2
      441  23.879352  114.441618    10.866    -6862.3     -268.4     6637.9    408.5    397.9    262.9 2025  6  8  7  0  2.350  0.0   2
      443  23.822394  114.524032     5.197     1531.2    -6576.9      968.6    207.0    194.6     99.5 2025  6  8  9  0  1.240  0.0   2
      446  23.883734  114.459465    10.366    -5044.9      217.0     6138.0    173.8    171.9    122.6 2025  6  8 11 59 59.820  0.0   2
      448  23.882851  114.467432     9.980    -4233.7      119.2     5752.0    196.9    169.9    108.6 2025  6  8 14  0  0.940  0.0   2
      449  23.926654  114.479443     6.233    -3009.8     4970.7     2004.8    389.7    561.8    114.8 2025  6  8 15  0  2.840  0.0   2
      451  23.897906  114.451782     3.701    -5827.1     1786.7     -526.9    149.9    225.3    177.4 2025  6  8 17 59 59.360  0.0   2
      452  23.896627  114.453109     5.808    -5692.1     1645.0     1580.4    162.4    186.7    133.8 2025  6  8 18 59 59.220  0.0   2
      453  23.898541  114.451481     8.391    -5857.4     1857.0     4162.8    248.7    292.0    172.4 2025  6  8 19 59 59.080  0.0   2
      457  23.905337  114.498079     5.997    -1112.0     2609.5     1768.5    372.1    265.8    117.8 2025  6  8 23  0  1.660  0.0   2
      458  23.920876  114.474984     5.486    -3463.5     4330.7     1258.0    346.6    302.4    122.1 2025  6  9  0  0  2.330  0.0   2
      460  23.882029  114.515487     4.336      660.7       28.3      108.4    191.1    193.2     63.9 2025  6  9  2  0  3.930  0.0   2
      463  23.928489  114.467000     7.413    -4276.5     5173.9     3185.2    254.8    583.9    112.0 2025  6  9  5 59 59.300  0.0   2
      465  23.815879  114.536955     6.941     2847.6    -7298.2     2712.7    431.2    422.4    188.5 2025  6  9  7  0  1.790  0.0   2
      471  23.927566  114.488916     2.541    -2045.0     5071.5    -1687.5    170.4    193.4     91.2 2025  6  9 13 59 59.620  0.0   2
      472  23.934646  114.494434     5.112    -1482.9     5855.8      883.7    474.7    446.3    216.6 2025  6  9 14 59 59.370  0.0   2
      474  23.931110  114.492896     9.202    -1640.3     5464.2     4974.0    315.6    424.6    136.3 2025  6  9 16 59 59.440  0.0   2
      479  23.934084  114.473641     4.848    -3600.4     5793.5      620.4    351.4    306.5    125.8 2025  6  9 21  0  2.960  0.0   2
      481  23.841484  114.526595     0.448     1792.1    -4462.5    -3779.6    132.5    109.4    118.8 2025  6  9 23  0  6.080  0.0   2
      482  23.956673  114.515145     5.373      625.5     8295.4     1144.8    406.9    306.4    274.2 2025  6 10  0 59 59.200  0.0   2
      483  23.956913  114.524064     8.665     1533.6     8322.0     4436.8    356.6    388.2    261.6 2025  6 10  1 59 58.810  0.0   2
      485  23.846558  114.529354     0.224     2073.1    -3900.5    -4003.5    115.4    118.3    128.4 2025  6 10  3  0  3.980  0.0   2
      491  23.928190  114.509937     1.866       95.6     5140.8    -2362.0    185.4    138.7    121.3 2025  6 10  9  0  5.080  0.0   2
      492  23.860055  114.545988     0.434     3766.9    -2405.6    -3793.0    178.2    151.7    374.4 2025  6 10 10  0  2.220  0.0   2
      493  23.929431  114.553231     9.305     4503.8     5278.2     5076.8    197.5    611.5    184.4 2025  6 10 11 59 58.800  0.0   2
      501  23.899963  114.521948     2.256     1318.2     2014.4    -1972.6    114.7    158.0    115.3 2025  6 10 19  0  4.980  0.0   2
      502  23.925700  114.563900     6.132     5589.9     4865.0     1903.5     94.0    162.8    119.8 2025  6 10 20 59 59.340  0.0   2
      504  23.912634  114.525716     4.973     1702.4     3417.8      745.1    118.3    176.8     92.6 2025  6 10 22  0  0.680  0.0   2
      505  23.912205  114.546444     6.173     3812.8     3370.4     1944.5    141.3    167.5    138.1 2025  6 10 23  0  0.560  0.0   2
      507  23.855367  114.562036     8.910     5402.3    -2924.8     4681.4    194.4    264.7    110.0 2025  6 11  1  0  1.450  0.0   2
      509  23.912362  114.527327    12.924     1866.5     3387.8     8695.7    164.1    202.9     70.2 2025  6 11  3  0  0.920  0.0   2
      513  23.897400  114.569808     8.718     6192.8     1730.5     4490.2    219.7    291.8    164.6 2025  6 11  7 59 59.430  0.0   2
      516  23.873297  114.539119     5.174     3067.7     -939.1      945.8    226.9    122.6     93.2 2025  6 11 10  0  1.700  0.0   2
      528  23.825387  114.540552     6.343     3213.7    -6245.3     2115.1    442.1    395.7    188.1 2025  6 11 22  0  2.680  0.0   2
      530  23.948149  114.521574     8.912     1280.0     7351.3     4683.8    451.7    438.3    224.3 2025  6 12  0  0  2.960  0.0   2
      531  23.845325  114.580941     4.038     7327.8    -4037.1     -190.0    112.3    331.1    140.0 2025  6 12  1 59 59.320  0.0   2
      532  23.846008  114.587476     5.468     7993.5    -3961.4     1239.5    117.3    369.6    135.1 2025  6 12  2 59 59.240  0.0   2
      534  23.849184  114.557503     9.074     4940.0    -3609.5     4845.7    193.5    242.9    100.8 2025  6 12  4 59 59.710  0.0   2
      540  23.921881  114.480900     0.269    -2861.1     4442.1    -3958.9    137.2    240.7    269.4 2025  6 12 10  0  6.050  0.0   2
      541  23.828455  114.566471     3.349     5854.4    -5905.5     -878.9    181.5    271.8    182.6 2025  6 12 11 59 59.410  0.0   2
      547  23.909483  114.504598     2.931     -448.6     3068.8    -1297.0    207.6    165.6    106.0 2025  6 12 17  0  3.740  0.0   2
      548  23.918939  114.507300     1.923     -173.1     4116.3    -2305.1    183.2    249.5    113.5 2025  6 12 18  0  4.580  0.0   2
      551  23.841976  114.515975     2.080      710.0    -4407.9    -2147.9    160.2    184.1    165.5 2025  6 12 21  0  4.880  0.0   2
      553  23.807237  114.536572     7.807     2809.1    -8255.5     3579.0    490.9    419.1    211.0 2025  6 12 23 59 59.180  0.0   2
      556  23.911574  114.523112     4.664     1437.4     3300.5      436.3    150.5    200.3     74.3 2025  6 13  2  0  2.890  0.0   2
      558  23.848501  114.556152     6.296     4802.7    -3685.4     2067.6    118.9    238.1     89.7 2025  6 13  4  0  2.080  0.0   2
      559  23.914109  114.478955     1.480    -3059.6     3581.3    -2748.4    287.2    221.2    213.6 2025  6 13  5  0  5.510  0.0   2
      562  23.803628  114.511906     1.925      296.1    -8655.3    -2303.6    140.2    133.3    113.7 2025  6 13  7 59 59.880  0.0   2
      563  23.802673  114.510384     3.969      141.2    -8761.0     -258.6    161.7    135.4     87.5 2025  6 13  8 59 59.770  0.0   2
      565  23.909957  114.496086     1.599    -1315.0     3121.3    -2628.6    199.0    127.2     85.4 2025  6 13 11  0  3.570  0.0   2
      570  23.839091  114.528101     0.854     1945.2    -4727.4    -3374.5    174.7    111.7    105.7 2025  6 13 16  0  4.780  0.0   2
      572  23.809462  114.491683     2.686    -1764.3    -8009.1    -1542.2    168.4    257.6    211.1 2025  6 13 17 59 59.880  0.0   2
      574  23.811646  114.518400     2.171      957.3    -7767.3    -2056.8    220.9    147.1     85.4 2025  6 13 20  0  1.240  0.0   2
      575  23.806392  114.519596     3.833     1079.2    -8349.1     -395.5    203.0    142.1     71.0 2025  6 13 21  0  1.220  0.0   2
      577  23.919576  114.496785     0.621    -1243.5     4186.7    -3607.6     99.4    104.8     92.7 2025  6 13 23  0  4.360  0.0   2
      579  23.927856  114.486816     3.497    -2259.3     5103.9     -730.6    406.5    650.0    172.6 2025  6 14  1  0  4.590  0.0   2
      583  23.893677  114.508024     2.322      -99.8     1318.3    -1906.1    112.7    108.8     79.6 2025  6 14  5  0  2.030  0.0   2
      588  23.939349  114.469181     1.211    -4054.5     6376.7    -3017.4    154.8    175.3    187.2 2025  6 14 10  0  4.440  0.0   2
      589  23.878835  114.515804     2.835      693.2     -325.6    -1393.1    164.6    140.6     99.0 2025  6 14 11  0  4.280  0.0   2
      590  23.889510  114.490324     7.099    -1901.7      856.7     2870.8    417.0    192.7    141.2 2025  6 14 12  0  3.510  0.0   2
      598  23.911700  114.471948     6.103    -3772.8     3314.4     1874.8    442.9    397.7    166.2 2025  6 14 20  0  2.820  0.0   2
      601  23.869934  114.416488     7.567    -9422.5    -1311.4     3338.5    136.2    147.5    140.1 2025  6 14 23 59 58.520  0.0   2
      602  23.864821  114.420809     6.288    -8982.6    -1877.7     2059.6    137.5    142.4    156.3 2025  6 15  0 59 58.910  0.0   2
      603  23.870933  114.423079     6.978    -8751.3    -1200.9     2750.0    144.0    153.1    147.7 2025  6 15  1 59 59.210  0.0   2
      605  23.822087  114.523242     3.674     1450.8    -6610.8     -553.8    201.3    137.9    105.2 2025  6 15  3  0  2.640  0.0   2
      608  23.921246  114.472005     5.701    -3767.2     4371.6     1473.3    313.0    333.1    127.0 2025  6 15  6  0  2.660  0.0   2
      609  23.921023  114.458879     4.760    -5103.8     4347.0      531.7    374.6    612.8    229.5 2025  6 15  7  0  3.330  0.0   2
      610  23.840863  114.526880     1.793     1821.0    -4531.2    -2435.5    128.3    165.8    106.8 2025  6 15  8  0  5.400  0.0   2
      611  23.903088  114.426115     4.567    -8440.5     2360.7      338.8     72.9    124.7    100.0 2025  6 15  9 59 59.020  0.0   2
      612  23.900358  114.430420     5.379    -8002.3     2058.1     1151.0    113.3    164.3    127.6 2025  6 15 10 59 59.240  0.0   2
      613  23.900639  114.427816     7.603    -8267.8     2089.3     3375.2    212.1    335.9    199.2 2025  6 15 11 59 59.180  0.0   2
      615  23.905839  114.443620     7.035    -6658.0     2665.2     2807.1    158.7    245.4    141.4 2025  6 15 13  0  0.010  0.0   2
      617  23.853577  114.529590     0.580     2097.1    -3123.1    -3646.7    149.9     96.4    165.7 2025  6 15 15  0  4.470  0.0   2
      618  23.904626  114.449463     6.657    -6063.2     2530.8     2429.0    165.3    197.3    132.8 2025  6 15 16  0  1.760  0.0   2
      619  23.913782  114.465698     3.004    -4409.6     3544.9    -1223.7    166.1    154.1     88.8 2025  6 15 17  0  3.640  0.0   2
      620  23.919226  114.498421     2.295    -1076.9     4148.0    -1933.3    161.7    183.8     66.2 2025  6 15 18  0  4.720  0.0   2
      621  23.920652  114.449455     3.707    -6063.9     4306.0     -521.2    140.4    250.7    117.3 2025  6 15 19 59 59.240  0.0   2
      622  23.931083  114.447371     6.460    -6275.3     5461.1     2232.0     94.2    136.6     76.2 2025  6 15 20 59 59.040  0.0   2
      630  23.881606  114.505070     4.637     -400.1      -18.8      409.1    165.5    181.1    108.8 2025  6 16  4  0  4.040  0.0   2
      632  23.949620  114.482267     5.400    -2722.1     7514.2     1171.5    322.8    131.2    113.4 2025  6 16  6 59 59.320  0.0   2
      636  23.805542  114.511605     9.286      265.6    -8443.3     5058.0    112.6    354.7     65.1 2025  6 16 10  0  2.550  0.0   2
      640  23.836332  114.531291     0.810     2270.7    -5033.0    -3417.0    173.8    122.8     94.0 2025  6 16 14  0  6.200  0.0   2
      641  23.979744  114.516593     5.366      773.3    10850.8     1137.6     68.9     55.9     74.7 2025  6 16 15 59 58.740  0.0   2
      642  23.972705  114.513550     5.305      463.3    10071.1     1077.1     68.8     58.5     72.5 2025  6 16 16 59 59.250  0.0   2
      643  23.955192  114.512280     7.252      334.2     8131.3     3023.7    316.2    281.8    200.6 2025  6 16 17 59 59.620  0.0   2
      646  23.951040  114.506160     8.754     -289.3     7671.6     4525.7    346.3    291.8    191.2 2025  6 16 20  0  0.220  0.0   2
      648  23.944371  114.506543     9.919     -249.9     6932.8     5690.9    364.2    341.3    182.8 2025  6 16 22  0  1.080  0.0   2
      654  23.933236  114.506299     2.092     -275.4     5699.7    -2135.9    233.3    119.7    118.6 2025  6 17  4  0  1.520  0.0   2
      657  23.916526  114.591219     8.445     8372.7     3849.0     4217.0    489.0    651.1    456.9 2025  6 17  7  0  0.640  0.0   2
      659  23.900340  114.510327     1.590      134.9     2056.1    -2637.9    118.2    103.7    133.0 2025  6 17  9  0  4.670  0.0   2
      662  23.841856  114.532707     1.819     2414.9    -4421.4    -2408.7    192.3    166.5     81.2 2025  6 17 12  0  2.650  0.0   2
      663  23.925981  114.532463     4.545     2388.9     4896.1      316.6    129.5    127.4    172.0 2025  6 17 13  0  0.780  0.0   2
      666  23.905125  114.555111     8.900     4695.3     2586.2     4671.6    267.2    300.3    160.4 2025  6 17 16  0  0.690  0.0   2
      667  23.898492  114.501253     0.973     -789.0     1851.6    -3255.2    138.9    144.0     82.0 2025  6 17 17  0  4.000  0.0   2
      668  23.862596  114.540658     0.638     3224.1    -2124.2    -3588.7    125.0    147.9    161.2 2025  6 17 18  0  4.420  0.0   2
      671  23.886829  114.561287     8.599     5324.9      559.8     4370.7    129.4    200.2     62.9 2025  6 17 21 59 59.480  0.0   2
      672  23.914823  114.523560     2.653     1482.3     3660.2    -1574.7    154.5    192.5    156.6 2025  6 17 22  0  1.740  0.0   2
      687  23.856799  114.564128     0.719     5614.8    -2766.3    -3508.7    222.1    381.8    455.2 2025  6 18 13  0  2.760  0.0   2
      688  23.849072  114.520671     5.430     1188.8    -3622.1     1202.3    268.6    195.9    106.9 2025  6 18 14  0  2.730  0.0   2
      689  23.814406  114.531201     1.360     2261.7    -7461.4    -2867.6    178.2    149.0    160.7 2025  6 18 15  0  5.090  0.0   2
      696  23.916463  114.503979     3.248     -511.6     3841.9     -980.0    234.2    208.1     94.9 2025  6 18 22  0  3.600  0.0   2
      703  23.887400  114.516032     0.164      716.3      623.0    -4062.9    137.7    331.3    236.6 2025  6 19  5  0  2.980  0.0   2
      706  23.922780  114.476310     2.699    -3329.1     4541.6    -1528.7    178.1    247.3    110.2 2025  6 19  8  0  4.660  0.0   2
      708  23.808675  114.541398     3.332     3300.3    -8096.3     -896.2     99.5    128.9     81.3 2025  6 19 10  0  2.930  0.0   2
      711  23.790448  114.549023     3.168     4077.9   -10115.0    -1060.5    149.4    168.4    129.1 2025  6 19 13 59 59.430  0.0   2
      713  23.798010  114.546948     3.862     3866.3    -9277.5     -366.5    140.7    171.6    100.6 2025  6 19 14 59 59.830  0.0   2
      714  23.795144  114.543180     8.540     3482.6    -9595.0     4311.5    306.6    381.8    106.0 2025  6 19 16 59 59.570  0.0   2
      719  23.933162  114.500342     9.480     -881.4     5691.5     5251.6    490.8    863.1    224.4 2025  6 19 21  0  3.600  0.0   2
      723  23.797813  114.521785     3.137     1302.2    -9299.2    -1090.7    156.9    105.7     69.1 2025  6 20  1  0  0.220  0.0   2
      725  23.800712  114.509456     8.640       46.0    -8978.2     4411.6    113.8    343.6     51.3 2025  6 20  2 59 59.640  0.0   2
      726  23.810396  114.532951     1.478     2440.1    -7905.6    -2749.7     95.1    106.4    119.9 2025  6 20  4  0  2.170  0.0   2
      727  23.847911  114.549984     3.339     4174.8    -3750.6     -888.9    144.5    213.4    111.7 2025  6 20  5  0  2.640  0.0   2
      728  23.809151  114.527148     3.518     1848.7    -8043.5     -709.7    157.4    164.1     67.7 2025  6 20  6  0  2.820  0.0   2
      737  23.940599  114.482056     5.350    -2743.3     6515.2     1122.0    320.5    232.6    124.2 2025  6 20 15  0  3.620  0.0   2
      741  23.809869  114.436214     7.997    -7414.8    -7964.0     3768.9     87.6    186.4     96.6 2025  6 20 19 59 58.680  0.0   2
      743  23.883256  114.500016     5.505     -915.2      164.0     1277.3     96.8    118.5     76.4 2025  6 20 21  0  1.500  0.0   2
      748  23.845630  114.508040     9.445      -97.8    -4003.3     5217.0    108.1    217.7     85.3 2025  6 21  2  0  1.810  0.0   2
      749  23.846942  114.566300     8.813     5836.2    -3858.0     4584.4    191.8    263.1    102.8 2025  6 21  3  0  2.610  0.0   2
      758  23.920996  114.486450     2.927    -2296.0     4344.1    -1301.0    176.9    220.9     95.7 2025  6 21 12  0  4.080  0.0   2
      759  23.891766  114.513509     1.583      459.1     1106.5    -2644.8    169.4    236.0    112.5 2025  6 21 13  0  4.990  0.0   2
      761  23.842257  114.528646     0.312     2001.3    -4376.8    -3916.1     99.7     94.5    110.9 2025  6 21 15  0  6.450  0.0   2
      767  23.888114  114.428923    10.011    -8155.7      702.1     5783.1    390.5    369.1    212.0 2025  6 21 21  0  0.540  0.0   2
      768  23.876862  114.517358     0.865      851.4     -544.2    -3362.2    138.3    143.2    128.1 2025  6 21 22  0  4.800  0.0   2
      769  23.832705  114.516561     9.017      770.3    -5434.8     4788.9    659.7    321.1     97.6 2025  6 21 23  0  2.980  0.0   2
      771  23.923956  114.476034     1.392    -3357.3     4671.9    -2836.1    166.4    155.0    110.9 2025  6 22  1  0  5.930  0.0   2
      772  23.913112  114.443042     1.665    -6716.7     3470.9    -2562.3    256.3    352.7    377.5 2025  6 22  2  0  0.500  0.0   2
      773  23.909825  114.431274     3.611    -7915.4     3106.7     -617.0     60.3    124.6     94.1 2025  6 22  2 59 59.960  0.0   2
      775  23.901803  114.444946     4.636    -6522.8     2218.1      407.5    239.0    271.8    207.4 2025  6 22  5  0  0.770  0.0   2
      776  23.819297  114.524862     1.162     1615.4    -6919.8    -3066.4    191.0    151.7    147.8 2025  6 22  6  0  4.400  0.0   2
      780  23.926493  114.472380     4.385    -3729.3     4952.9      157.0    326.3    409.6    120.2 2025  6 22 10  0  3.880  0.0   2
      781  23.915690  114.497192     1.896    -1202.5     3756.4    -2331.6    169.9    141.6    105.3 2025  6 22 11  0  5.450  0.0   2
      783  23.924994  114.446403     4.448    -6374.1     4786.8      220.0    158.6    317.9    119.5 2025  6 22 12 59 59.770  0.0   2
      785  23.934639  114.451847     6.211    -5819.4     5855.2     1983.4     85.5    115.7    109.5 2025  6 22 15  0  0.250  0.0   2
      791  23.960645  114.476562     3.675    -3302.7     8735.2     -552.9    297.2    126.4    132.5 2025  6 22 21 59 59.400  0.0   2
      792  23.959251  114.471720     5.440    -3796.1     8580.8     1212.0    142.1    118.3     91.1 2025  6 22 22 59 59.400  0.0   2
      814  23.949331  114.516976     3.655      812.3     7482.2     -573.3    204.2    202.9    187.7 2025  6 23 20  0  1.160  0.0   2
      816  23.920215  114.504842     0.969     -423.3     4257.5    -3259.0    171.5    176.7    138.5 2025  6 23 22  0  3.240  0.0   2
      819  23.929822  114.480160     0.740    -2936.8     5321.6    -3487.7     90.7    131.9    140.8 2025  6 24  1  0  4.840  0.0   2
      820  23.921429  114.480868     3.619    -2865.0     4392.0     -609.1    278.8    265.7    118.8 2025  6 24  2  0  4.670  0.0   2
      821  23.855471  114.515544     1.909      666.2    -2913.3    -2319.5     80.7     87.1     79.6 2025  6 24  3  0  6.210  0.0   2
      834  23.912730  114.487663     1.192    -2173.0     3428.4    -3036.4    291.4    213.2    242.8 2025  6 24 16  0  3.770  0.0   2
      847  23.875419  114.517594     9.608      875.6     -704.0     5379.9   1082.9    378.1    191.0 2025  6 25  5  0  1.510  0.0   2
      848  23.802179  114.524658     1.633     1595.3    -8815.7    -2594.8    284.3    291.2    134.9 2025  6 25  6  0  4.870  0.0   2
      853  23.912231  114.504785     1.955     -429.3     3373.3    -2273.0    223.7    209.8    118.1 2025  6 25 11  0  3.720  0.0   2
      855  23.840914  114.546769     7.113     3847.0    -4525.6     2885.4    166.2    142.7     86.8 2025  6 25 13  0  1.070  0.0   2
      857  23.843901  114.558309     4.697     5022.7    -4194.9      468.7    143.3    405.5    101.8 2025  6 25 15  0  2.430  0.0   2
      859  23.857493  114.534660     3.499     2613.3    -2689.4     -729.3    278.2    188.9    101.2 2025  6 25 17  0  4.000  0.0   2
      865  23.911151  114.499495     2.174     -967.7     3253.5    -2054.5    174.4    171.6    104.6 2025  6 25 23  0  4.280  0.0   2
      870  23.851990  114.531445     1.118     2286.4    -3298.8    -3110.3    170.4    144.1     93.7 2025  6 26  4  0  5.250  0.0   2
      874  23.916907  114.477271     1.092    -3231.0     3891.0    -3135.7    186.4    137.0    169.2 2025  6 26  8  0  4.890  0.0   2
      877  23.922683  114.482072     3.639    -2741.8     4530.8     -588.7    304.1    424.6    155.1 2025  6 26 11  0  5.110  0.0   2
      878  23.801611  114.536816     1.306     2833.9    -8878.5    -2921.8    181.8    244.5    146.0 2025  6 26 12  0  3.400  0.0   2
      884  23.799762  114.528166     2.788     1952.6    -9083.4    -1439.6    135.5    102.8     55.0 2025  6 26 18  0  1.100  0.0   2
      885  23.786265  114.510173     5.540      119.8   -10578.3     1311.5    258.5    178.0    127.1 2025  6 26 19  0  0.680  0.0   2
      888  23.852022  114.510693     3.113      172.6    -3295.2    -1115.5    131.6    105.5    114.0 2025  6 26 22  0  3.720  0.0   2
      889  23.798051  114.526880     1.962     1821.5    -9273.0    -2265.9    229.8    299.7    126.0 2025  6 26 23  0  3.960  0.0   2
      898  23.832560  114.499740     4.391     -943.2    -5450.9      163.1    167.3    231.1     79.4 2025  6 27  8  0  2.790  0.0   2
      904  23.904525  114.514762     1.299      586.7     2519.8    -2928.7    165.8    115.1    131.1 2025  6 27 14  0  3.440  0.0   2
      905  23.889301  114.499487     3.662     -968.6      833.5     -566.0    168.4    171.7     82.8 2025  6 27 15  0  3.090  0.0   2
      906  23.841248  114.518652     0.546      983.5    -4488.7    -3682.3    165.1    124.3    274.7 2025  6 27 16  0  3.870  0.0   2
      909  23.836566  114.525399     0.789     1670.7    -5007.1    -3438.4    201.2    177.0    193.9 2025  6 27 19  0  5.200  0.0   2
      923  23.901314  114.435189     4.665    -7516.4     2164.1      436.9    129.6    169.5    138.7 2025  6 28  9  0  0.870  0.0   2
      927  23.819904  114.515682     2.036      680.4    -6852.6    -2192.0    171.2    172.5     86.7 2025  6 28 13  0  4.630  0.0   2
      936  23.781085  114.506274     8.599     -277.7   -11152.0     4371.3    496.3    448.4    235.6 2025  6 28 22  0  3.040  0.0   2
      937  23.912537  114.489103     3.248    -2026.0     3406.9     -980.4    224.9    180.4     99.9 2025  6 28 23  0  3.360  0.0   2
      938  23.891793  114.514648     1.002      575.0     1109.5    -3226.3    141.5    183.9    136.4 2025  6 29  0  0  4.760  0.0   2
      939  23.917458  114.491667     5.624    -1765.1     3952.1     1396.0    302.0    254.1    113.9 2025  6 29  1  0  3.490  0.0   2
      940  23.915387  114.500106     2.214     -906.0     3722.7    -2014.4    166.9    200.6     71.8 2025  6 29  2  0  5.090  0.0   2
      949  23.908889  114.520581     9.082     1179.6     3003.1     4854.3    319.6    422.3    148.3 2025  6 29 11  0  2.290  0.0   2
      953  23.961265  114.465902     5.643    -4387.9     8804.1     1415.0    158.1     99.5    104.8 2025  6 29 14 59 59.750  0.0   2
      956  23.941597  114.476725     5.805    -3286.6     6625.8     1577.2    311.4    224.5    124.9 2025  6 29 18  0  1.280  0.0   2
      957  23.903859  114.498975     2.505    -1021.2     2445.9    -1722.9    221.9    172.5     98.2 2025  6 29 19  0  3.400  0.0   2
      970  23.853532  114.532625     0.918     2406.3    -3128.0    -3310.5    162.1    132.4    161.5 2025  6 30  8  0  6.570  0.0   2
      971  23.948606  114.489282     4.949    -2007.7     7402.0      721.4    307.3    137.1    123.4 2025  6 30  9  0  4.380  0.0   2
      974  23.919232  114.503442     0.130     -566.1     4148.7    -4097.9    101.6    126.6    119.7 2025  6 30 12  0  3.200  0.0   2
      976  23.844558  114.522624     0.756     1387.6    -4122.0    -3471.0    207.0    155.2    222.9 2025  6 30 14  0  5.430  0.0   2
      980  23.943103  114.496419     4.991    -1280.9     6792.5      762.4    409.4    254.1    159.0 2025  6 30 18  0  4.180  0.0   2
      982  23.849819  114.530957     1.343     2236.4    -3539.4    -2884.7    195.5    164.6     63.4 2025  6 30 20  0  3.880  0.0   2
      983  23.962748  114.551058     8.819     4282.1     8968.4     4590.5    341.3    363.1    277.5 2025  6 30 21  0  0.040  0.0   2
      984  23.941687  114.527254     3.161     1858.7     6635.5    -1067.0    215.9    269.7    273.5 2025  6 30 22  0  2.160  0.0   2
      985  23.920732  114.509489     1.040       49.4     4314.7    -3187.9    121.4    385.7    133.3 2025  6 30 23  0  3.560  0.0   2
      987  23.863800  114.552710     2.584     4451.6    -1990.8    -1643.8    142.7    190.6    130.6 2025  7  1  1  0  4.160  0.0   2
      990  23.949441  114.487728     9.107    -2165.6     7494.4     4878.8   1172.9    763.0    383.8 2025  7  1  4  0  3.640  0.0   2
     1000  23.928080  114.517334     3.463      848.6     5128.7     -765.2    196.8    354.1    203.1 2025  7  1 14  0  5.140  0.0   2
     1002  23.846633  114.568685     8.416     6079.6    -3892.2     4187.5    215.1    177.8    127.5 2025  7  1 16  0  0.640  0.0   2
     1003  23.927214  114.479997     1.540    -2953.3     5032.5    -2688.0    172.4    189.0    109.3 2025  7  1 17  0  4.880  0.0   2
     1009  23.820872  114.525171     9.308     1647.4    -6745.3     5080.1    458.0    342.8    101.3 2025  7  1 23  0  3.320  0.0   2
     1010  23.952519  114.470898     1.814    -3879.4     7835.2    -2412.8    329.2    167.8    248.8 2025  7  2  0  0  6.220  0.0   2
     1013  23.917069  114.508455     2.545      -55.3     3909.2    -1683.4    249.6    213.1    109.3 2025  7  2  3  0  4.140  0.0   2
     1027  23.844928  114.534424     0.822     2589.2    -4081.1    -3406.5    219.8    192.2    191.0 2025  7  2 17  0  3.800  0.0   2
     1033  23.759397  114.572371     8.533     6457.3   -13554.0     4304.8    271.9    268.7    200.2 2025  7  2 23 59 59.120  0.0   2
     1034  23.825775  114.512386     3.271      344.6    -6202.3     -956.8    178.5    200.4     92.8 2025  7  3  0  0  1.690  0.0   2
     1037  23.877590  114.518701     0.609      987.8     -463.6    -3619.6    143.6    166.9    196.6 2025  7  3  3  0  5.010  0.0   2
     1039  23.929077  114.483895     1.505    -2556.0     5239.1    -2723.4    263.6    373.8    190.3 2025  7  3  5  0  6.950  0.0   2
     1041  23.931852  114.469417     1.291    -4030.5     5546.4    -2936.8    117.9    169.6     86.7 2025  7  3  7  0  7.900  0.0   2
     1042  23.788363  114.528247     2.482     1960.6   -10346.1    -1746.3    156.3    136.0    119.2 2025  7  3  8  0  0.800  0.0   2
     1046  23.843538  114.526432     1.690     1775.8    -4234.9    -2537.9    114.2    136.1     92.8 2025  7  3 12  0  3.640  0.0   2
     1050  23.924243  114.503516     3.085     -558.3     4703.7    -1142.9    316.5    305.1    142.7 2025  7  3 16  0  6.220  0.0   2
     1051  23.948018  114.479004     6.910    -3054.5     7336.9     2681.7    567.6    284.6    163.8 2025  7  3 17  0  5.960  0.0   2
     1054  23.919885  114.500618     1.291     -853.6     4221.0    -2936.8    112.8    317.6    148.9 2025  7  3 20  0  4.840  0.0   2
     1056  23.903335  114.535425     9.157     2690.8     2387.9     4928.5   1277.7    521.0    207.2 2025  7  3 22  0  2.400  0.0   2
     1057  23.811882  114.530184     3.173     2157.6    -7741.0    -1055.0    194.8    186.9    100.7 2025  7  3 23  0  3.060  0.0   2
     1063  23.917411  114.470630     3.444    -3907.6     3946.9     -784.0    234.3    152.8     87.1 2025  7  4  5  0  3.720  0.0   2
     1064  23.805092  114.511979     3.146      303.5    -8493.2    -1081.9    158.0    144.9     90.7 2025  7  4  6  0  2.480  0.0   2
     1067  23.849723  114.537427     0.927     2895.4    -3549.9    -3301.0    149.2    149.9    118.1 2025  7  4  9  0  4.930  0.0   2
     1068  23.914431  114.504215     0.717     -487.2     3616.9    -3511.5    173.8    157.8    117.0 2025  7  4 10  0  6.030  0.0   2
     1069  23.941081  114.521257     9.151     1248.0     6568.6     4923.0    424.9    420.7    206.0 2025  7  4 11  0  3.880  0.0   2
     1071  23.853621  114.527970     1.694     1932.4    -3118.1    -2534.1    199.6    144.9     67.6 2025  7  4 13  0  6.480  0.0   2
     1073  23.886841  114.443498     2.702    -6671.2      561.0    -1525.6    341.8    242.0    280.7 2025  7  4 15  0  2.200  0.0   2
     1075  23.908209  114.449268     5.361    -6083.3     2927.8     1133.2    232.9    293.5    178.6 2025  7  4 17  0  2.640  0.0   2
     1083  23.925863  114.487948     1.617    -2144.0     4882.9    -2611.2    166.5    161.4    111.1 2025  7  5  1  0  3.140  0.0   2
     1084  23.894322  114.422673     4.295    -8791.9     1389.6       66.7    112.7    160.2    162.4 2025  7  5  2  0  1.220  0.0   2
     1087  23.908557  114.453190     3.146    -5683.3     2966.2    -1082.0    211.9    195.7    168.2 2025  7  5  5  0  3.260  0.0   2
     1088  23.801440  114.448901     7.217    -6123.0    -8897.5     2989.1     98.8    147.1    101.9 2025  7  5  6  0  2.830  0.0   2
     1089  23.838039  114.528003     1.122     1935.5    -4844.0    -3105.7    120.4    119.2    178.4 2025  7  5  7  0  6.110  0.0   2
     1090  23.929004  114.471362     2.944    -3832.5     5230.9    -1284.0    248.9    392.9    113.2 2025  7  5  8  0  5.130  0.0   2
     1091  23.781952  114.523877     6.545     1515.8   -11056.0     2316.6    636.1    173.0    123.3 2025  7  5  9  0  5.120  0.0   2
     1095  23.850370  114.525537     8.898     1684.4    -3478.2     4670.0    900.3    201.0    148.4 2025  7  5 13  0  3.000  0.0   2
     1096  23.914455  114.465454     2.624    -4434.4     3619.4    -1604.5    162.7    169.1    121.9 2025  7  5 14  0  2.820  0.0   2
     1097  23.878471  114.519043     0.482     1022.6     -366.0    -3746.2    210.5    144.1    255.0 2025  7  5 15  0  5.170  0.0   2
     1099  23.883099  114.508065     9.524      -95.0      146.7     5295.7    310.0    293.6     65.8 2025  7  5 17  0  2.960  0.0   2
     1101  23.916099  114.502474     1.312     -664.7     3801.5    -2915.7    134.3    146.6     66.6 2025  7  5 19  0  6.180  0.0   2
     1107  23.917664  114.493530     0.678    -1575.6     3974.9    -3550.6    119.0    120.6     87.7 2025  7  6  1  0  3.900  0.0   2
     1108  23.815562  114.521785     1.583     1302.8    -7333.5    -2644.8    269.5    175.9     98.1 2025  7  6  2  0  6.340  0.0   2
     1109  23.919226  114.496281     1.503    -1295.3     4148.0    -2724.7    153.5    130.0    189.4 2025  7  6  3  0  4.640  0.0   2
     1117  23.847003  114.525269     1.444     1657.1    -3851.3    -2784.4    125.6    120.5     76.5 2025  7  6 11  0  5.630  0.0   2
     1119  23.921242  114.500903     0.244     -824.8     4371.3    -3983.1    103.9    111.1    109.9 2025  7  6 13  0  5.160  0.0   2
     1123  23.936582  114.506494     1.374     -255.3     6070.3    -2854.2    189.2    108.7    130.4 2025  7  6 17  0  2.480  0.0   2
     1124  23.972325  114.499536     4.254     -963.3    10028.9       25.8    134.4     93.9    130.3 2025  7  6 18  0  1.200  0.0   2
     1126  23.854089  114.544987     2.013     3665.7    -3066.4    -2215.1    159.2    160.6    168.1 2025  7  6 20  0  5.400  0.0   2
     1128  23.821486  114.526855     1.250     1818.8    -6677.3    -2978.6    178.5    226.1     99.0 2025  7  6 22  0  6.980  0.0   2
     1130  23.839152  114.524430     0.481     1571.3    -4720.8    -3746.0    184.5    191.2    247.2 2025  7  7  0  0  7.760  0.0   2
     1135  23.943093  114.510905     5.226      194.0     6791.3      997.6    347.9    267.8    201.2 2025  7  7  5  0  2.210  0.0   2
     1136  23.935933  114.515063     7.727      617.0     5998.3     3499.1    375.5    468.9    228.1 2025  7  7  6  0  2.040  0.0   2
     1137  23.941484  114.527319     4.768     1865.1     6613.0      539.5    347.8    351.0    273.8 2025  7  7  7  0  2.950  0.0   2
     1139  23.921686  114.486890     2.183    -2251.8     4420.4    -2045.2    158.1    155.1    129.1 2025  7  7  9  0  4.980  0.0   2
     1140  23.882406  114.520451     8.831     1166.0       69.9     4603.1    451.6    554.0    157.6 2025  7  7 11  0  4.280  0.0   2
     1144  23.847152  114.527433     1.710     1877.5    -3834.8    -2518.1    147.0    148.8    130.2 2025  7  7 15  0  4.800  0.0   2
     1148  23.881932  114.491243     0.780    -1808.5       17.4    -3446.9    124.4    127.2    138.7 2025  7  7 19  0  5.700  0.0   2
     1152  23.910638  114.489193     3.189    -2017.2     3196.9    -1039.1    315.3    167.7    105.4 2025  7  7 23  0  3.760  0.0   2
     1159  23.814817  114.537264     2.021     2879.2    -7416.0    -2207.3    164.6    164.6    162.8 2025  7  8  6  0  6.630  0.0   2
     1160  23.910940  114.500049     9.267     -911.5     3230.1     5038.6    620.1    526.7    128.0 2025  7  8  7  0  4.310  0.0   2
     1164  23.922076  114.524341     5.219     1561.7     4463.5      991.0    204.2    206.9    102.5 2025  7  8 11  0  3.690  0.0   2
     1165  23.930642  114.508317     0.822      -69.3     5412.2    -3406.5    144.1    187.0    231.8 2025  7  8 12  0  5.180  0.0   2
     1169  23.922813  114.475098     0.847    -3452.0     4545.2    -3380.0    131.3    159.7    140.6 2025  7  8 16  0  7.460  0.0   2
     1170  23.923958  114.484098     1.018    -2536.2     4672.0    -3210.5    214.6    218.1    124.6 2025  7  8 17  0  7.780  0.0   2
     1171  23.932161  114.482707     1.201    -2677.0     5580.7    -3026.2    260.2    268.2    147.1 2025  7  8 18  0  5.920  0.0   2
     1174  23.926540  114.482129     1.110    -2736.6     4958.0    -3118.0    157.4    132.7     83.3 2025  7  8 21  0  6.260  0.0   2
     1177  23.914203  114.502848     0.345     -626.3     3591.7    -3882.7    125.9    131.7    147.2 2025  7  9  0  0  6.430  0.0   2
     1179  23.917255  114.509237     1.012       24.3     3929.5    -3216.1    182.8    234.3    185.3 2025  7  9  2  0  6.770  0.0   2
     1181  23.848816  114.533114     1.997     2456.4    -3650.4    -2230.8    247.8    210.0     94.1 2025  7  9  4  0  2.890  0.0   2
     1182  23.934585  114.470719     5.065    -3898.2     5849.1      836.7    401.1    373.1    132.3 2025  7  9  5  0  5.040  0.0   2
     1183  23.915824  114.498462     1.190    -1073.1     3771.2    -3038.5    115.2    148.7     89.1 2025  7  9  6  0  5.490  0.0   2
     1186  23.886351  114.522046     1.316     1329.0      506.8    -2912.6    250.4    284.8    124.6 2025  7  9  9  0  5.180  0.0   2
     1187  23.829032  114.543018     8.745     3465.0    -5841.6     4517.3    355.0    341.0    160.0 2025  7  9 10  0  2.290  0.0   2
     1192  23.903874  114.514307     1.340      540.1     2447.5    -2888.4    168.9    219.7    253.5 2025  7  9 15  0  4.790  0.0   2
     1197  23.948358  114.487354     9.148    -2204.2     7374.5     4919.5    676.8    416.1    214.7 2025  7  9 20  0  4.360  0.0   2
     1198  23.837893  114.529631     1.449     2101.1    -4860.2    -2778.8    175.9    140.9     89.4 2025  7  9 21  0  4.920  0.0   2
     1199  23.916408  114.472819     4.638    -3684.7     3835.9      410.0    343.0    194.0    107.0 2025  7  9 22  0  6.780  0.0   2
     1200  23.722756  114.511890     7.707      294.5   -17612.4     3479.3    168.9    115.1    145.2 2025  7  9 23 59 58.640  0.0   2
     1203  23.788965  114.528247     8.848     1960.7   -10279.2     4619.7    242.5    204.3     70.5 2025  7 10  2  0  0.040  0.0   2
     1204  23.866772  114.513151     6.391      422.4    -1661.7     2163.2    332.9    330.2    170.6 2025  7 10  3  0  3.230  0.0   2
     1205  23.800008  114.530005     1.526     2139.4    -9056.1    -2701.6    372.2    425.4    118.5 2025  7 10  4  0  3.060  0.0   2
     1206  23.933370  114.483016     2.536    -2645.6     5714.5    -1692.2    234.7    230.0    102.6 2025  7 10  5  0  6.260  0.0   2
     1210  23.912229  114.508285     1.927      -72.8     3373.1    -2300.7    174.4    182.9     98.1 2025  7 10  9  0  7.470  0.0   2
     1213  23.845070  114.539323     2.127     3088.9    -4065.3    -2100.9    201.4    182.1     86.1 2025  7 10 12  0  3.640  0.0   2
     1218  23.914299  114.500586     1.312     -856.5     3602.1    -2916.4    146.3    196.8    120.7 2025  7 10 17  0  6.920  0.0   2
     1221  23.813295  114.523730     0.725     1500.7    -7584.6    -3503.2    188.8    178.5     99.1 2025  7 10 20  0  3.360  0.0   2
     1222  23.919934  114.458057     2.957    -5187.7     4226.4    -1270.6    136.1    203.5    112.4 2025  7 10 21  0  4.320  0.0   2
     1223  23.918970  114.500911     0.626     -824.1     4119.5    -3600.6    165.5    207.8    164.0 2025  7 10 22  0  5.640  0.0   2
     1227  23.898317  114.499357     1.077     -981.9     1832.3    -3150.7    138.1    125.9     90.3 2025  7 11  2  0  5.900  0.0   2
     1231  23.890995  114.566081     8.439     5813.0     1021.1     4210.6    176.3    263.8    100.0 2025  7 11  6  0  2.140  0.0   2
     1233  23.916538  114.491715     0.088    -1760.5     3850.3    -4140.2    137.4    169.6    243.3 2025  7 11  8  0  4.850  0.0   2
     1241  23.816581  114.533846     9.181     2531.3    -7220.7     4953.2    540.1    507.2    211.8 2025  7 11 16  0  2.450  0.0   2
     1242  23.902289  114.494360     3.286    -1491.3     2271.9     -941.8    262.0    185.5     88.9 2025  7 11 17  0  3.320  0.0   2
     1246  23.934182  114.462248     1.393    -4761.0     5804.4    -2835.4    175.9    230.7    158.2 2025  7 11 21  0  4.380  0.0   2
     1251  23.814742  114.518522     1.669      969.9    -7424.4    -2559.4    168.2    142.5     85.5 2025  7 12  2  0  5.250  0.0   2
     1259  23.918699  114.456209     4.426    -5376.1     4089.6      197.9    130.7    255.2    159.0 2025  7 12 10  0  4.600  0.0   2
     1270  23.919928  114.493319     0.358    -1596.5     4225.6    -3870.4    110.3    135.0    138.8 2025  7 12 21  0  6.320  0.0   2
     1273  23.928166  114.463224     3.984    -4661.4     5138.2     -243.9    240.2    462.6    129.8 2025  7 13  0  0  1.750  0.0   2
     1276  23.917788  114.498730     1.389    -1045.8     3988.7    -2838.9    130.4    144.8     91.2 2025  7 13  3  0  4.130  0.0   2
     1280  23.927688  114.504224     1.871     -486.1     5085.2    -2356.8    155.7    136.9    132.2 2025  7 13  7  0  5.700  0.0   2
     1285  23.832159  114.497754     2.588    -1145.6    -5495.2    -1639.8    170.4    238.2    105.6 2025  7 13 12  0  6.180  0.0   2
     1286  23.925690  114.474536     0.839    -3509.6     4863.9    -3389.4    106.4    240.3    129.4 2025  7 13 13  0  4.450  0.0   2
     1291  23.957100  114.516024     3.587      715.1     8342.7     -640.6    226.2    185.3    212.8 2025  7 13 18  0  2.180  0.0   2
     1292  23.964746  114.539323     8.564     3087.3     9189.6     4335.7    381.4    338.9    276.2 2025  7 13 19  0  0.880  0.0   2
     1297  23.915680  114.488566     9.784    -2080.6     3755.1     5555.4    635.9    509.9    139.8 2025  7 14  0  0  2.730  0.0   2
     1303  23.990434  114.497583     9.463    -1162.7    12034.6     5235.0    157.2     81.4     70.6 2025  7 14  6  0  1.570  0.0   2
     1304  23.844641  114.536434     1.164     2794.3    -4112.8    -3064.4    122.4    166.4     80.0 2025  7 14  7  0  5.390  0.0   2
     1306  23.846643  114.524325     1.283     1561.0    -3891.1    -2945.6    202.9    145.5    139.1 2025  7 14  9  0  5.850  0.0   2
     1307  23.873570  114.490617     1.670    -1872.5     -908.8    -2556.6    146.0    139.2    227.8 2025  7 14 10  0  5.440  0.0   2
     1312  23.847784  114.537703     1.479     2923.6    -3764.6    -2749.0    276.2    240.6    134.6 2025  7 14 15  0  4.610  0.0   2
     1316  23.925301  114.479272     1.933    -3027.1     4820.8    -2294.7    165.2    303.2    119.1 2025  7 14 19  0  5.960  0.0   2
     1330  23.906765  114.514266     3.840      536.2     2767.8     -388.3    278.4    244.1    178.7 2025  7 15  9  0  6.610  0.0   2
     1336  23.871230  114.515340     3.092      645.6    -1168.0    -1136.2     76.6    110.2     49.3 2025  7 15 15  0  4.650  0.0   2
     1338  23.919641  114.506641     0.028     -240.1     4194.0    -4199.2    103.1    175.5    196.2 2025  7 15 17  0  7.400  0.0   2
     1340  23.844397  114.531331     1.435     2275.0    -4139.8    -2792.9    195.6    179.7     85.2 2025  7 15 19  0  6.600  0.0   2
     1347  23.909450  114.504924     1.152     -415.1     3065.3    -3076.5    234.4    172.9    151.2 2025  7 16  2  0  6.890  0.0   2
     1352  23.824929  114.512923     3.844      399.3    -6296.1     -384.0    113.1    163.3    115.8 2025  7 16  7  0  2.110  0.0   2
     1353  23.928689  114.481348     1.103    -2816.2     5195.9    -3124.9    218.3    263.3    138.0 2025  7 16  8  0  6.960  0.0   2
     1354  23.845754  114.535791     0.519     2728.8    -3989.6    -3708.1    138.2    179.0     94.4 2025  7 16  9  0  4.520  0.0   2
     1359  23.845154  114.532902     3.529     2434.9    -4055.9     -699.1    306.1    243.5     73.6 2025  7 16 14  0  5.280  0.0   2
     1361  23.802214  114.546973     9.229     3868.2    -8811.8     5001.1    247.4    458.8    109.3 2025  7 16 15 59 59.970  0.0   2
     1362  23.799900  114.538656     2.924     3021.0    -9068.1    -1304.6    219.2    224.9     80.8 2025  7 16 17  0  2.020  0.0   2
     1375  23.914787  114.497347     0.825    -1186.6     3656.4    -3403.4    148.9    131.4    104.5 2025  7 17  6  0  6.470  0.0   2
     1377  23.926280  114.502279     1.409     -684.1     4929.2    -2819.2    172.5    258.0    173.2 2025  7 17  8  0  6.940  0.0   2
     1383  23.897782  114.509294     3.016       30.1     1772.9    -1212.2    179.2    184.3     75.1 2025  7 17 14  0  4.560  0.0   2
     1389  23.923800  114.501701     2.619     -743.5     4654.6    -1608.8    222.2    269.4    113.9 2025  7 17 20  0  6.940  0.0   2
     1400  23.913967  114.501481     1.105     -765.4     3565.5    -3123.0    123.7    128.8    112.8 2025  7 18  7  0  7.650  0.0   2
     1403  23.888121  114.503223     1.272     -588.6      702.9    -2955.7    370.2    441.0    199.1 2025  7 18 10  0  5.010  0.0   2
     1404  23.901717  114.488477     2.933    -2090.3     2208.8    -1295.2    199.2    150.5    107.1 2025  7 18 11  0  4.340  0.0   2
     1414  23.883057  114.510824     2.547      185.8      142.1    -1681.0    303.2    262.0    136.3 2025  7 18 21  0  4.520  0.0   2
     1416  23.930042  114.471753     1.570    -3792.6     5345.7    -2658.3    130.8    211.7    118.0 2025  7 18 23  0  4.580  0.0   2
     1418  23.910327  114.502775     1.502     -633.9     3162.4    -2726.6    196.1    146.0    106.4 2025  7 19  1  0  5.810  0.0   2
     1422  23.916927  114.497339     0.364    -1187.8     3893.2    -3863.5    135.9    127.7    187.5 2025  7 19  5  0  4.060  0.0   2
     1429  23.888574  114.428695     9.654    -8178.6      753.0     5425.7    400.4    371.8    212.3 2025  7 19 12  0  2.490  0.0   2
     1430  23.815525  114.521151     0.937     1237.3    -7337.6    -3291.5    151.9    106.1    114.7 2025  7 19 13  0  8.650  0.0   2
     1431  23.945284  114.469718     1.311    -3999.6     7034.1    -2917.3    194.4    147.3    176.4 2025  7 19 14  0  2.380  0.0   2
     1440  23.933659  114.503483     1.136     -561.8     5746.6    -3092.4    143.0     92.1     94.4 2025  7 19 23  0  6.200  0.0   2
     1442  23.922011  114.502808     0.480     -630.9     4456.5    -3747.9    139.6    128.3    168.2 2025  7 20  1  0  4.240  0.0   2
     1446  23.816121  114.530705     5.218     2211.3    -7271.5      989.7    277.9    261.6     94.5 2025  7 20  5  0  6.540  0.0   2
     1448  23.918156  114.475667     7.070    -3394.0     4029.5     2841.7    295.8    466.0    145.3 2025  7 20  7  0  3.910  0.0   2
     1450  23.943180  114.478556     2.146    -3100.0     6801.1    -2082.4    254.2    259.3    194.9 2025  7 20  9  0  6.150  0.0   2
     1457  23.929960  114.501506     3.023     -763.4     5336.9    -1203.7    286.2    165.8    114.3 2025  7 20 16  0  5.060  0.0   2
     1458  23.839624  114.522469     0.255     1371.7    -4668.6    -3971.7    146.5    179.4    174.6 2025  7 20 17  0  7.380  0.0   2
     1460  23.926060  114.499894     1.037     -927.2     4904.7    -3191.0    127.2     92.5    118.9 2025  7 20 19  0  6.820  0.0   2
     1461  23.884347  114.537248     9.104     2877.1      284.9     4875.6    200.6    315.3     77.3 2025  7 20 20  0  2.480  0.0   2
     1464  23.931852  114.482251     2.319    -2723.8     5546.4    -1909.4    250.6    329.6    117.0 2025  7 20 23  0  5.280  0.0   2
     1469  23.927673  114.473706     0.511    -3594.2     5083.5    -3716.2    154.6    245.6    109.2 2025  7 21  4  0  7.330  0.0   2
     1470  23.932633  114.494531     9.162    -1473.1     5632.8     4934.1    514.7    436.0    159.4 2025  7 21  5  0  4.930  0.0   2
     1472  23.919281  114.487777     1.942    -2161.1     4154.0    -2285.9    230.3    135.6    127.8 2025  7 21  7  0  5.580  0.0   2
     1480  23.922156  114.480640     1.728    -2888.0     4472.5    -2500.3    141.4    176.2     96.8 2025  7 21 15  0  7.850  0.0   2
     1482  23.811875  114.534611     2.457     2609.0    -7741.7    -1770.7    215.2    197.8    127.6 2025  7 21 17  0  4.900  0.0   2
     1485  23.927673  114.506494     1.282     -255.2     5083.5    -2945.8    168.5    133.0    121.9 2025  7 21 20  0  6.360  0.0   2
     1487  23.927205  114.480859     7.638    -2865.3     5031.6     3409.7    347.1    402.5    181.5 2025  7 21 22  0  4.940  0.0   2
     1490  23.721391  114.507292     6.694     -174.5   -17763.6     2465.8     97.7    101.6    177.5 2025  7 22  1  0  4.330  0.0   2
     1491  23.836941  114.535417     2.625     2691.2    -4965.6    -1603.5    216.1    152.1    109.5 2025  7 22  2  0  3.700  0.0   2
     1495  23.926622  114.478687     2.142    -3086.8     4967.0    -2086.2    152.9    316.4    110.8 2025  7 22  6  0  7.270  0.0   2
     1499  23.962779  114.502604     8.415     -651.6     8971.6     4187.7    625.4    285.1    210.7 2025  7 22 10  0  5.320  0.0   2
     1501  23.897937  114.513167     0.385      424.1     1790.1    -3842.1    164.5    173.8    156.6 2025  7 22 12  0  5.840  0.0   2
     1503  23.817739  114.522648     0.841     1390.7    -7092.3    -3387.6    188.3    172.4    140.7 2025  7 22 14  0  4.390  0.0   2
     1504  23.819916  114.521745     9.242     1298.6    -6851.4     5013.4    540.7    419.3     70.4 2025  7 22 15  0  1.920  0.0   2
     1506  23.861332  114.525236     1.175     1653.6    -2264.2    -3053.3    367.3    148.2    153.8 2025  7 22 17  0  5.680  0.0   2
     1508  23.919741  114.497371     1.461    -1184.3     4205.0    -2766.9    154.4    134.0     82.8 2025  7 22 19  0  7.820  0.0   2
     1514  23.757367  114.568392     8.000     6051.5   -13779.0     3771.5    286.8    250.3    203.7 2025  7 23  1  0  0.830  0.0   2
     1516  23.845213  114.530176     0.591     2157.1    -4049.4    -3637.4    146.9    157.8    125.5 2025  7 23  3  0  5.520  0.0   2
     1518  23.802409  114.542228     8.950     3384.9    -8790.3     4722.5    276.5    412.2    109.2 2025  7 23  5  0  2.780  0.0   2
     1522  23.885097  114.521956     2.628     1319.6      367.9    -1600.0    169.8    228.4     77.6 2025  7 23  9  0  5.110  0.0   2
     1527  23.913057  114.481836     1.754    -2766.0     3464.7    -2474.5    316.9    154.3    165.8 2025  7 23 14  0  7.370  0.0   2
     1530  23.811407  114.526416     9.092     1773.8    -7793.7     4864.0    764.8    618.4    212.4 2025  7 23 17  0  3.920  0.0   2
     1532  23.807041  114.502588     2.895     -653.5    -8277.2    -1332.8    112.1    163.0     91.3 2025  7 23 19  0  3.120  0.0   2
     1534  23.808453  114.519865     3.320     1106.5    -8120.7     -907.9    258.3    176.9     66.5 2025  7 23 21  0  3.560  0.0   2
     1537  23.842432  114.516772     3.309      792.0    -4357.5     -919.0    199.0    238.7    133.7 2025  7 24  0  0  5.260  0.0   2
     1540  23.847203  114.535482     6.472     2697.0    -3829.2     2243.9    421.6    288.9    137.9 2025  7 24  3  0  5.820  0.0   2
     1543  23.854771  114.542757     4.992     3438.4    -2990.9      763.5    335.7    241.4    149.9 2025  7 24  6  0  4.270  0.0   2
     1544  23.919230  114.474731     0.735    -3489.6     4148.5    -3492.1    146.6    110.6    121.1 2025  7 24  7  0  6.500  0.0   2
     1546  23.919853  114.495557     1.223    -1368.7     4217.3    -3005.0    131.1    157.1    163.4 2025  7 24  9  0  6.830  0.0   2
     1562  23.818915  114.523714     1.821     1498.6    -6962.2    -2406.7    184.0    118.6     86.7 2025  7 25  1  0  5.740  0.0   2
     1567  23.875269  114.537516     9.261     2904.2     -720.7     5033.3    406.8    329.7    128.7 2025  7 25  6  0  4.450  0.0   2
     1568  23.924424  114.482747     3.766    -2673.7     4723.7     -461.8    331.0    361.3    107.6 2025  7 25  7  0  5.590  0.0   2
     1570  23.917806  114.500480     0.469     -867.4     3990.7    -3758.3    126.7    103.3     99.3 2025  7 25  9  0  7.660  0.0   2
     1572  23.846513  114.533537     0.924     2499.3    -3905.4    -3304.0    227.4    155.1    105.3 2025  7 25 11  0  6.650  0.0   2
     1574  23.907947  114.497030     4.666    -1219.1     2898.7      437.7    324.9    205.0    108.8 2025  7 25 13  0  4.010  0.0   2
     1576  23.900503  114.491073     4.054    -1826.0     2074.2     -174.3    348.6    216.4    132.9 2025  7 25 15  0  4.790  0.0   2
     1577  23.909011  114.459660     1.893    -5024.4     3016.7    -2333.7    162.0    165.0    151.8 2025  7 25 16  0  4.730  0.0   2
     1578  23.925246  114.478353     0.498    -3120.4     4814.8    -3728.8    121.3    197.5    156.2 2025  7 25 17  0  6.160  0.0   2
     1589  23.913609  114.499919     0.277     -925.0     3525.9    -3950.7    112.6    197.0    219.8 2025  7 26  4  0  6.650  0.0   2
     1593  23.920931  114.499259     0.148     -991.9     4336.9    -4079.8    116.1    182.3    226.4 2025  7 26  8  0  4.320  0.0   2
     1599  23.921401  114.478296     2.150    -3126.7     4388.8    -2077.9    173.1    191.0     97.7 2025  7 26 14  0  5.750  0.0   2
     1602  23.932406  114.509049     0.840        5.2     5607.7    -3387.7    166.9     94.0    133.8 2025  7 26 17  0  4.380  0.0   2
     1603  23.950708  114.479940     3.581    -2958.7     7634.8     -647.4    280.9    148.0    120.7 2025  7 26 18  0  3.600  0.0   2
     1604  23.933004  114.510278     9.236      130.0     5674.0     5008.0    402.8    355.4    137.8 2025  7 26 19  0  2.540  0.0   2
     1614  23.844234  114.531714     0.801     2313.2    -4157.9    -3426.6    123.1    124.4     73.8 2025  7 27  5  0  7.100  0.0   2
     1615  23.928709  114.525716     3.959     1702.2     5198.2     -269.5    157.8    311.2    138.3 2025  7 27  6  0  4.360  0.0   2
     1617  23.876925  114.502384     6.546     -673.9     -537.3     2317.5    122.2    128.5     61.6 2025  7 27  8  0  4.880  0.0   2
     1619  23.933488  114.490356     7.648    -1898.5     5727.6     3419.9    509.5    373.7    194.8 2025  7 27 10  0  5.040  0.0   2
     1621  23.799526  114.535091     0.199     2658.1    -9109.7    -4028.9    156.3    301.5    184.5 2025  7 27 12  0  7.480  0.0   2
     1625  23.857823  114.549308     2.320     4105.8    -2653.0    -1908.3    128.2    171.5    194.4 2025  7 27 16  0  6.110  0.0   2
     1631  23.919309  114.513656     3.621      474.4     4157.2     -607.3    322.2    389.0    182.3 2025  7 27 22  0  4.940  0.0   2
     1633  23.900629  114.504191     1.118     -489.9     2088.2    -3109.9    172.4    158.3    141.1 2025  7 28  0  0  6.220  0.0   2
     1639  23.935463  114.502816     1.294     -629.8     5946.3    -2934.5    155.1     71.7     94.2 2025  7 28  6  0  7.390  0.0   2
     1644  23.877061  114.527653     4.371     1899.7     -522.0      142.8    274.1    110.8     86.2 2025  7 28 11  0  4.780  0.0   2
     1652  23.817468  114.561279     8.773     5325.4    -7122.3     4544.7    519.3    583.6    257.0 2025  7 28 19  0  2.440  0.0   2
     1654  23.908818  114.506128     1.032     -292.4     2995.2    -3196.0    179.6    206.3    232.4 2025  7 28 21  0  6.840  0.0   2
     1662  23.935632  114.480477     2.238    -2904.1     5965.1    -1989.6    263.8    168.3    104.0 2025  7 29  5  0  7.590  0.0   2
     1663  23.794466  114.519759     9.390     1096.0    -9669.9     5161.6    239.0    220.4     74.6 2025  7 29  6  0  1.740  0.0   2
     1664  23.925596  114.476554     1.303    -3304.0     4853.5    -2925.4    202.4    295.1    149.0 2025  7 29  7  0  7.960  0.0   2
     1674  23.833285  114.501742     0.968     -739.3    -5370.7    -3260.5    296.6    401.7    606.0 2025  7 29 17  0  4.420  0.0   2
     1676  23.915381  114.497477     0.639    -1173.4     3722.0    -3588.7    204.2    154.4     96.2 2025  7 29 19  0  8.120  0.0   2
     1677  23.805438  114.542057     1.967     3367.5    -8454.7    -2261.4    167.5    207.4    122.9 2025  7 29 20  0  4.700  0.0   2
     1678  23.918337  114.503703     0.778     -539.6     4049.6    -3450.3    126.0    131.2     90.7 2025  7 29 21  0  8.420  0.0   2
     1679  23.803351  114.535140     1.660     2662.7    -8686.0    -2568.6    170.7    231.1    118.0 2025  7 29 22  0  5.880  0.0   2
     1684  23.850362  114.539893     1.554     3146.8    -3479.1    -2674.0    172.0    182.4     86.2 2025  7 30  3  0  5.260  0.0   2
     1690  23.925507  114.503247     0.597     -585.6     4843.5    -3631.3    144.6    216.0    227.0 2025  7 30  9  0  9.030  0.0   2
     1691  23.913967  114.456559     6.130    -5339.8     3565.6     1901.7    395.8    428.3    201.2 2025  7 30 10  0  5.450  0.0   2
     1695  23.807104  114.529386     1.572     2076.7    -8270.3    -2655.7    238.6    187.0     92.7 2025  7 30 14  0  4.830  0.0   2
     1696  23.877279  114.524536     1.624     1582.6     -498.0    -2604.6    261.5    183.9     88.8 2025  7 30 15  0  6.850  0.0   2
     1701  23.950214  114.470256     4.095    -3944.6     7580.1     -133.5    336.1    180.1    140.3 2025  7 30 20  0  5.480  0.0   2
     1702  23.914018  114.503312     0.727     -579.1     3571.1    -3500.8    210.6    209.6    164.6 2025  7 30 21  0  6.840  0.0   2
     1712  23.848690  114.543156     1.258     3479.1    -3664.4    -2970.3    157.2    172.6    180.6 2025  7 31  7  0  6.020  0.0   2
     1724  23.844963  114.521427     1.887     1265.5    -4077.2    -2341.3    161.1    190.3    111.3 2025  7 31 20  0  6.840  0.0   2
     1729  23.849786  114.536548     0.544     2805.7    -3542.9    -3683.5    155.2    175.3    219.9 2025  8  1  1  0  9.000  0.0   2
     1731  23.919570  114.501961     0.559     -717.2     4186.0    -3669.2    207.1    183.3    126.1 2025  8  1  3  0  5.710  0.0   2
     1737  23.933718  114.456608     7.564    -5334.8     5753.1     3336.1    221.9    538.8    140.7 2025  8  1  9  0  4.300  0.0   2
     1741  23.922644  114.499715     1.999     -945.9     4526.5    -2229.4    202.3    364.3    155.6 2025  8  1 13  0  4.470  0.0   2
     1750  23.922740  114.497201     0.538    -1201.2     4537.1    -3690.5    113.1    156.8    148.7 2025  8  1 22  0  4.600  0.0   2
     1752  23.933620  114.475537     1.574    -3407.3     5742.1    -2653.7    146.5    196.7    113.2 2025  8  2  0  0  3.920  0.0   2
     1764  23.924109  114.498584     0.929    -1060.8     4688.8    -3298.9    144.1    142.0    138.0 2025  8  2 12  0  5.620  0.0   2
     1781  23.850995  114.518831     3.428     1001.2    -3409.1     -800.1    229.8    267.5    112.1 2025  8  3  5  0  5.990  0.0   2
     1783  23.819586  114.525179     0.709     1647.9    -6887.7    -3517.6    178.9    186.5    129.9 2025  8  3  7  0  8.280  0.0   2
     1785  23.919649  114.501457     0.412     -768.0     4194.7    -3815.8    156.6    143.7    114.9 2025  8  3  9  0  6.930  0.0   2
     1786  23.915462  114.513289     2.355      436.4     3731.2    -1872.7    171.9    213.1    129.9 2025  8  3 10  0  6.450  0.0   2
     1791  23.884334  114.527441     2.437     1878.4      283.5    -1790.8    208.5    143.1     82.8 2025  8  3 15  0  5.700  0.0   2
     1799  23.930060  114.482975     0.976    -2650.5     5347.9    -3250.7    119.5    210.6     94.4 2025  8  3 23  0  9.000  0.0   2
     1810  23.859556  114.544564     2.126     3622.3    -2460.8    -2102.4    198.8    149.2    152.9 2025  8  4 10  0  5.100  0.0   2
     1812  23.944519  114.540063     9.001     3162.6     6949.3     4773.4    220.2    313.9    184.7 2025  8  4 12  0  4.680  0.0   2
     1815  23.848462  114.526676     0.582     1800.6    -3689.7    -3646.0    150.6    104.2     93.5 2025  8  4 15  0  6.680  0.0   2
     1823  23.912256  114.503874     1.863     -522.2     3375.9    -2365.2    189.6    178.0     96.6 2025  8  4 23  0  7.660  0.0   2
     1825  23.919289  114.498812     0.453    -1037.9     4155.0    -3774.9    169.8    139.9    150.0 2025  8  5  1  0  8.620  0.0   2
     1832  23.844285  114.535710     0.384     2720.3    -4152.3    -3843.6    102.9     95.3    135.6 2025  8  5  8  0  5.860  0.0   2
     1841  23.785504  114.526799     2.164     1813.4   -10662.6    -2063.8    177.1    147.3    144.9 2025  8  5 17  0  3.640  0.0   2
     1852  23.841587  114.538110     1.117     2964.9    -4451.0    -3111.2    127.6    168.7    113.9 2025  8  6  4  0  6.090  0.0   2
     1860  23.845258  114.538232     3.126     2977.3    -4044.5    -1102.2    193.1    204.4    126.8 2025  8  6 12  0  5.740  0.0   2
     1864  23.852150  114.557926     4.834     4983.5    -3281.0      605.6    149.2    260.3     87.5 2025  8  6 16  0  5.500  0.0   2
     1865  23.807491  114.508594     4.217      -41.2    -8227.4      -11.2    204.8    178.6     96.1 2025  8  6 17  0  5.300  0.0   2
     1867  23.903031  114.506649     1.995     -239.6     2354.4    -2233.5    171.3    125.6    101.2 2025  8  6 19  0  7.600  0.0   2
     1871  23.923771  114.474748     1.239    -3488.1     4651.4    -2989.5    116.4    148.5    125.5 2025  8  6 23  0  6.620  0.0   2
     1875  23.855400  114.544922     9.075     3658.9    -2921.2     4846.8    308.0    335.5    114.6 2025  8  7  3  0  5.170  0.0   2
     1876  23.896122  114.451017     2.862    -5905.0     1589.1    -1366.0    179.5    181.6    211.2 2025  8  7  4  0  6.160  0.0   2
     1877  23.920876  114.458618     5.441    -5130.2     4330.7     1212.4    266.3    380.2    166.3 2025  8  7  5  0  6.210  0.0   2
     1883  23.937856  114.459285     3.321    -5062.4     6211.4     -907.0    384.7    329.9    174.9 2025  8  7 11  0  5.060  0.0   2
     1892  23.912067  114.503304     2.284     -580.1     3354.9    -1944.2    287.4    209.6    118.8 2025  8  7 20  0  5.480  0.0   2
     1894  23.928430  114.478149     0.365    -3141.3     5167.3    -3861.7    120.8    160.8    150.3 2025  8  7 22  0  6.060  0.0   2
     1907  23.917259  114.495150     1.375    -1410.8     3930.1    -2853.3    124.6    156.4     73.1 2025  8  8 11  0  6.700  0.0   2
     1908  23.936580  114.480672     3.023    -2884.1     6070.1    -1204.4    340.0    221.8    115.1 2025  8  8 12  0  6.210  0.0   2
     1911  23.947304  114.463802     2.623    -4602.5     7257.7    -1605.2    348.4    316.2    228.6 2025  8  8 15  0  3.990  0.0   2
     1916  23.920927  114.504810     0.890     -426.9     4336.4    -3337.8    226.7    156.9    139.6 2025  8  8 20  0  6.360  0.0   2
     1926  23.933872  114.478369     1.797    -3119.1     5770.1    -2431.5    224.7    227.5    110.5 2025  8  9  6  0  6.380  0.0   2
     1927  23.933285  114.485303     4.377    -2413.1     5705.0      148.5    414.0    409.8    163.3 2025  8  9  7  0  6.070  0.0   2
     1933  23.888114  114.520996     0.364     1222.0      702.2    -3863.5    219.6    311.1    192.6 2025  8  9 13  0  7.040  0.0   2
     1937  23.925570  114.479167     1.145    -3038.0     4850.5    -3081.7    205.8    300.0    190.3 2025  8  9 17  0  7.680  0.0   2
     1939  23.931126  114.497949     9.147    -1124.9     5465.9     4918.8    434.8    538.0    174.0 2025  8  9 19  0  5.760  0.0   2
     1943  23.931335  114.536279     9.056     2777.9     5489.2     4827.6    363.4    571.1    222.9 2025  8  9 23  0  4.000  0.0   2
     1950  23.940733  114.533854     8.930     2530.2     6529.9     4701.8    363.3    437.1    218.1 2025  8 10  6  0  4.400  0.0   2
     1957  23.926742  114.482104     1.292    -2738.8     4980.3    -2935.8    150.2    197.4    112.3 2025  8 10 13  0  8.470  0.0   2
     1962  23.926274  114.507235     1.389     -179.5     4928.4    -2838.9    145.9    174.7    128.9 2025  8 10 18  0  7.500  0.0   2
     1970  23.798224  114.545223     1.563     3690.1    -9253.7    -2665.1    217.2    445.5    154.4 2025  8 11  2  0  5.540  0.0   2
     1981  23.842511  114.537305     2.507     2883.1    -4348.7    -1721.2    216.2    208.3     69.4 2025  8 11 13  0  5.520  0.0   2
     1986  23.907231  114.556608     8.142     4847.9     2819.3     3914.0    287.8    351.9    182.7 2025  8 11 18  0  5.560  0.0   2
     2000  23.807784  114.537598     1.736     2913.6    -8195.0    -2491.9    149.4    167.4     95.7 2025  8 12  8  0  4.350  0.0   2
     2004  23.891058  114.505957     0.159     -309.7     1028.3    -4067.7    367.1    434.0    372.6 2025  8 12 12  0  8.260  0.0   2
     2011  23.916337  114.499373     0.823     -980.3     3827.9    -3405.0    114.8    158.4     68.2 2025  8 12 19  0  8.400  0.0   2
     2018  23.898081  114.510604     1.893      163.6     1806.1    -2334.7    185.4    140.0     90.5 2025  8 13  2  0  8.830  0.0   2
     2027  23.913755  114.502026     1.463     -710.5     3542.0    -2765.0    158.7    152.6    109.3 2025  8 13 11  0  8.950  0.0   2
     2040  23.934088  114.472323     1.611    -3734.5     5794.0    -2617.0    160.7    252.0    144.7 2025  8 14  0  0  6.180  0.0   2
     2043  23.918919  114.497046     0.499    -1217.7     4113.9    -3729.0    142.3    183.6    111.5 2025  8 14  3  0  7.110  0.0   2
     2052  23.910453  114.469979     2.244    -3973.9     3176.4    -1984.0    231.6    142.2    118.4 2025  8 14 12  0  5.240  0.0   2
     2062  23.838531  114.531535     1.654     2295.1    -4789.4    -2573.9    249.0    142.2    104.4 2025  8 14 22  0  8.520  0.0   2
     2073  23.964317  114.479850     4.998    -2967.8     9142.0      770.3    205.9    112.0    103.7 2025  8 15  9  0  3.880  0.0   2
     2077  23.970660  114.461556     5.424    -4830.5     9844.7     1195.7    176.2    123.6    104.3 2025  8 15 13  0  4.830  0.0   2
     2081  23.921661  114.501326     0.455     -781.4     4417.6    -3773.4     78.9    210.4    186.3 2025  8 15 17  0  6.360  0.0   2
     2089  23.919049  114.503369     0.306     -573.3     4128.4    -3922.6    172.2    153.2    262.5 2025  8 16  1  0  8.160  0.0   2
     2103  23.854787  114.559977     3.096     5192.6    -2989.1    -1132.0    189.6    292.6    191.0 2025  8 16 15  0  7.200  0.0   2
     2112  23.918132  114.493709     9.160    -1557.2     4026.8     4931.4    363.3    514.1    131.4 2025  8 17  0  0  5.630  0.0   2
     2113  23.850134  114.537118     1.165     2864.2    -3504.4    -3062.0    112.1    129.5    126.0 2025  8 17  1  0  7.710  0.0   2
     2116  23.854736  114.540145     2.705     3172.2    -2994.8    -1522.9    146.9    179.1     82.4 2025  8 17  4  0  7.850  0.0   2
     2121  23.812762  114.528752     0.827     2012.2    -7643.6    -3401.3    257.6    149.2    196.3 2025  8 17  9  0  7.810  0.0   2
     2130  23.903398  114.526522     2.089     1784.3     2394.8    -2139.1    104.2    163.3    186.8 2025  8 17 18  0  7.000  0.0   2
     2135  23.918656  114.498682     0.353    -1050.4     4085.0    -3874.2    107.6    117.6    143.1 2025  8 17 23  0  9.680  0.0   2
     2137  23.913546  114.503092     0.911     -601.7     3518.9    -3317.1    135.4    133.4    160.1 2025  8 18  1  0  9.440  0.0   2
     2151  23.936450  114.485628     1.493    -2379.5     6055.5    -2734.6    185.0    170.5    134.5 2025  8 18 15  0  9.450  0.0   2
     2159  23.920038  114.497575     0.197    -1163.2     4237.8    -4031.1    120.8    130.8    160.8 2025  8 18 23  0 10.740  0.0   2
     2172  23.844328  114.539461     0.829     3103.0    -4147.5    -3399.5    209.0    270.1    158.2 2025  8 19 12  0  7.080  0.0   2
     2203  23.990885  114.504980     8.697     -409.0    12084.7     4468.7    127.3     79.2     72.9 2025  8 20 19  0  4.200  0.0   2
     2207  23.923289  114.465145     1.720    -4466.2     4598.0    -2508.3    129.9    190.8    128.4 2025  8 20 23  0  7.780  0.0   2
     2211  23.937431  114.477393     3.021    -3218.2     6164.3    -1207.1    325.1    225.1    114.2 2025  8 21  3  0  5.740  0.0   2
     2212  23.917521  114.497876     9.222    -1132.5     3959.2     4994.3    511.2    980.5    195.2 2025  8 21  4  0  4.630  0.0   2
     2213  23.928996  114.450041     2.743    -6003.5     5230.0    -1484.8    177.6    534.5    187.6 2025  8 21  5  0  5.640  0.0   2
     2216  23.845905  114.528914     0.398     2028.3    -3972.9    -3830.2    140.5    150.9    140.2 2025  8 21  8  0  9.560  0.0   2
     2219  23.919993  114.498836     1.155    -1034.9     4232.9    -3073.1    138.4    172.4     91.7 2025  8 21 11  0  8.670  0.0   2
     2220  23.938497  114.475659     1.090    -3394.7     6282.3    -3138.4    121.8    130.4    123.6 2025  8 21 12  0  5.710  0.0   2
     2222  23.924719  114.475366     1.133    -3424.6     4756.4    -3094.4    146.4    153.4    127.3 2025  8 21 14  0  6.220  0.0   2
     2229  23.914522  114.497689     0.929    -1151.7     3626.9    -3299.5    132.1    114.3    126.5 2025  8 21 21  0  8.560  0.0   2
     2230  23.931183  114.474170     0.513    -3546.6     5472.2    -3713.8    127.8    211.0    138.7 2025  8 21 22  0  5.760  0.0   2
     2233  23.914311  114.491756     1.987    -1756.1     3603.5    -2240.7    206.6    247.6    117.3 2025  8 22  1  0  6.330  0.0   2
     2238  23.929523  114.473747     0.649    -3589.5     5288.4    -3579.0    138.5    213.0    109.5 2025  8 22  6  0  7.730  0.0   2
     2239  23.919663  114.472152     0.574    -3752.6     4196.3    -3653.8    173.8    162.7    185.3 2025  8 22  7  0  7.850  0.0   2
