        1  23.894179  114.509245     2.778       25.1     1373.9    -1450.0    114.2    112.3     63.7 2025  5 20 23 59 59.520  0.0   2
        2  23.893831  114.510107     4.877      113.1     1335.3      648.7    117.1     99.0     67.1 2025  5 21  0 59 59.440  0.0   2
        3  23.895355  114.509668     7.046       67.7     1504.0     2818.3    125.3    121.2     86.0 2025  5 21  1 59 59.420  0.0   2
        4  23.894735  114.514038     9.112      512.8     1435.3     4883.9    159.7    122.5     63.4 2025  5 21  2 59 59.420  0.0   2
        8  23.880302  114.519092     3.737     1027.7     -163.1     -491.5    192.6    225.9     93.3 2025  5 21  6  0  2.690  0.0   2
       10  23.917904  114.499438     0.327     -973.4     4001.4    -3900.1    180.0    181.2    140.7 2025  5 21  8  0  5.110  0.0   2
       11  23.894092  114.518831     2.672     1001.5     1364.2    -1555.9    103.2    107.0     71.6 2025  5 21  9 59 59.510  0.0   2
       12  23.892847  114.519328     5.210     1051.8     1226.2      981.5    116.7    110.9     81.8 2025  5 21 10 59 59.350  0.0   2
       13  23.894132  114.518490     7.308      966.2     1368.7     3079.7    107.8    132.6     72.7 2025  5 21 11 59 59.350  0.0   2
       17  23.874217  114.504313    10.192     -477.7     -837.1     5964.0    363.3    303.9    139.4 2025  5 21 15  0  0.250  0.0   2
       19  23.917078  114.481535     5.486    -2796.8     3910.0     1258.4    331.8    314.8    126.4 2025  5 21 17  0  3.000  0.0   2
       21  23.890462  114.525301     2.566     1659.9      962.2    -1661.6    113.0    120.2     73.0 2025  5 21 19 59 59.520  0.0   2
       22  23.888922  114.523991     4.958     1526.6      791.6      729.5    104.0     98.2     53.5 2025  5 21 20 59 59.400  0.0   2
       23  23.890965  114.526156     7.143     1747.3     1017.8     2915.0    151.8    101.8     76.5 2025  5 21 21 59 59.360  0.0   2
       24  23.893276  114.533765     9.357     2521.7     1273.7     5129.2    223.6    173.4    106.8 2025  5 21 22 59 59.320  0.0   2
       28  23.920378  114.557210     8.421     4909.4     4275.4     4193.0    771.5    673.7    494.6 2025  5 22  2  0  0.940  0.0   2
       29  23.883679  114.509578     9.334       58.9      211.0     5105.4    190.4    296.5     53.8 2025  5 22  3  0  1.670  0.0   2
       31  23.887671  114.535539     3.159     2702.4      652.9    -1069.3    143.1    136.5    109.3 2025  5 22  5 59 59.360  0.0   2
       32  23.884432  114.529460     5.013     2083.6      294.2      784.7    120.4     82.4     90.6 2025  5 22  6 59 59.370  0.0   2
       33  23.887201  114.536385     7.197     2789.3      601.0     2968.4     99.4    136.7     68.9 2025  5 22  7 59 59.320  0.0   2
       34  23.885533  114.536271     9.288     2777.0      416.2     5060.0    201.5    189.8    100.9 2025  5 22  8 59 59.410  0.0   2
       37  23.879803  114.526351    10.926     1767.4     -218.4     6697.4    292.8    162.4     68.8 2025  5 22 11  0  0.060  0.0   2
       40  23.838999  114.530103     1.067     2149.8    -4737.7    -3161.6    219.4    182.1    146.8 2025  5 22 14  0  4.850  0.0   2
       41  23.877079  114.530509     2.717     2190.4     -520.0    -1511.4    105.5     89.8     63.0 2025  5 22 15 59 59.550  0.0   2
       42  23.878046  114.533073     4.962     2451.4     -413.1      734.0    133.9     79.1     83.4 2025  5 22 16 59 59.400  0.0   2
       43  23.877258  114.530176     7.274     2156.4     -500.2     3046.0    157.7    154.9    106.6 2025  5 22 17 59 59.440  0.0   2
       45  23.876951  114.528092    10.720     1944.6     -534.2     6491.8    263.8    146.2     68.3 2025  5 22 19 59 59.560  0.0   2
       49  23.866225  114.561621     0.721     5359.1    -1722.2    -3506.1    251.0    304.3    520.6 2025  5 22 23  0  3.380  0.0   2
       50  23.898739  114.519824     2.945     1102.5     1878.8    -1283.0    250.0    260.0    144.0 2025  5 23  0  0  4.090  0.0   2
       51  23.869364  114.528776     2.648     2013.9    -1374.5    -1579.7     99.2     74.2     56.6 2025  5 23  1 59 59.550  0.0   2
       52  23.872048  114.534155     5.136     2562.2    -1077.3      908.4    149.7     77.2    105.0 2025  5 23  2 59 59.260  0.0   2
       53  23.869033  114.529712     7.644     2109.3    -1411.4     3415.9    151.7    136.8     73.8 2025  5 23  3 59 59.340  0.0   2
       54  23.869539  114.529891     8.956     2127.8    -1355.1     4727.4    445.9    192.0    103.3 2025  5 23  4 59 59.420  0.0   2
       55  23.871080  114.529769    10.697     2114.9    -1184.6     6468.7    265.1    156.4     82.4 2025  5 23  5 59 59.560  0.0   2
       56  23.922341  114.474040     2.285    -3559.9     4493.0    -1943.2    169.0    181.5     79.8 2025  5 23  6  0  2.800  0.0   2
       59  23.935313  114.479175     1.830    -3037.3     5929.6    -2397.6    229.5    382.2    181.9 2025  5 23  9  0  4.350  0.0   2
       61  23.863552  114.524284     2.586     1557.0    -2018.4    -1642.3     90.6     70.0     65.5 2025  5 23 11 59 59.580  0.0   2
       62  23.865045  114.528467     4.941     1982.6    -1852.9      713.2    161.1     90.2     75.5 2025  5 23 12 59 59.400  0.0   2
       63  23.862638  114.523975     7.078     1525.1    -2119.4     2850.1    192.8    104.4    102.8 2025  5 23 13 59 59.420  0.0   2
       64  23.867474  114.535531    11.409     2702.2    -1583.9     7181.3    349.2    224.5    105.8 2025  5 23 14 59 58.780  0.0   2
       70  23.855444  114.540438     3.759     3201.8    -2916.3     -468.9    176.5    185.1    104.3 2025  5 23 20  0  3.820  0.0   2
       71  23.859772  114.517171     2.641      832.2    -2436.9    -1587.1     64.0     61.4     75.2 2025  5 23 21 59 59.520  0.0   2
       72  23.860862  114.520728     4.575     1194.7    -2316.3      347.4    182.5     99.8     59.1 2025  5 23 22 59 59.500  0.0   2
       73  23.859322  114.518270     7.449      943.9    -2486.9     3221.3    180.0     99.9     61.0 2025  5 23 23 59 59.320  0.0   2
       74  23.859814  114.521981     9.121     1322.2    -2432.2     4892.6    179.9    106.1    103.8 2025  5 24  0 59 59.410  0.0   2
       76  23.858256  114.506999    13.161     -203.5    -2604.8     8933.1    467.9    308.4    139.3 2025  5 24  2 59 59.400  0.0   2
       80  23.858720  114.517871     7.880      903.2    -2553.5     3651.8    357.8    206.7     94.9 2025  5 24  6  0  2.630  0.0   2
       81  23.858077  114.510254     2.787      127.6    -2624.6    -1441.1     73.8     65.7     76.9 2025  5 24  7 59 59.500  0.0   2
       83  23.859033  114.517928     8.400      908.9    -2518.8     4172.0    160.8     88.6     57.4 2025  5 24  9 59 59.110  0.0   2
       84  23.855878  114.512028     9.706      308.5    -2868.3     5478.2    218.5    117.9     90.7 2025  5 24 10 59 59.310  0.0   2
       86  23.854742  114.500936     9.658     -821.1    -2993.9     5429.7    182.2    161.6    101.8 2025  5 24 11 59 59.780  0.0   2
       87  23.822019  114.520679     4.277     1189.2    -6618.3       49.4    167.4    177.3     66.0 2025  5 24 13  0  2.130  0.0   2
       91  23.859855  114.505379     3.271     -369.0    -2427.8     -957.5     68.8     66.4     59.4 2025  5 24 17 59 59.400  0.0   2
       92  23.859497  114.501815     5.458     -731.7    -2467.4     1229.8    120.1    107.4     86.0 2025  5 24 18 59 59.320  0.0   2
       93  23.860537  114.504167     7.542     -492.2    -2352.4     3313.7    132.3    108.4    105.3 2025  5 24 19 59 59.280  0.0   2
       98  23.834833  114.504069     9.363     -502.0    -5199.1     5135.4    224.4    194.0    105.8 2025  5 25  0  0  1.210  0.0   2
       99  23.802810  114.527759     1.068     1911.3    -8745.9    -3159.4    172.8    232.9     84.0 2025  5 25  1  0  4.710  0.0   2
      101  23.864433  114.498429     3.540    -1076.8    -1920.8     -687.6     83.5     77.0     72.9 2025  5 25  3 59 59.410  0.0   2
      102  23.864589  114.497054     5.766    -1216.4    -1903.4     1537.9    108.3     96.0     92.0 2025  5 25  4 59 59.260  0.0   2
      103  23.865013  114.497917     7.699    -1128.9    -1856.6     3470.9    110.5    103.8     67.8 2025  5 25  5 59 59.290  0.0   2
      105  23.859180  114.491105    12.088    -1823.1    -2502.5     7859.8    214.7    140.7    113.2 2025  5 25  7 59 59.120  0.0   2
      108  23.885201  114.481812     6.826    -2768.6      379.5     2597.7    194.2    139.5     96.7 2025  5 25 10  0  1.800  0.0   2
      109  23.932298  114.508854     4.964      -14.8     5595.8      735.7    350.2    367.4    225.6 2025  5 25 11  0  3.150  0.0   2
      110  23.920640  114.491073     7.676    -1825.3     4304.5     3447.7    349.4    434.5    109.8 2025  5 25 12  0  3.030  0.0   2
      111  23.870557  114.492855     3.806    -1644.7    -1242.5     -422.1     72.5     81.4     91.6 2025  5 25 13 59 59.330  0.0   2
      112  23.872203  114.495231     6.005    -1402.7    -1060.3     1777.1     98.9     94.4     62.5 2025  5 25 14 59 59.260  0.0   2
      113  23.864526  114.491846     7.359    -1747.1    -1910.5     3130.8    185.6    192.0    134.9 2025  5 25 15 59 59.330  0.0   2
      114  23.867483  114.493514     9.178    -1577.7    -1583.1     4950.0    274.5    278.7    132.1 2025  5 25 16 59 59.420  0.0   2
      117  23.815588  114.531486     2.946     2291.0    -7330.6    -1282.2    231.6    207.6     94.8 2025  5 25 19  0  2.720  0.0   2
      119  23.906018  114.487166     2.676    -2223.7     2685.1    -1552.2    189.0    147.8    113.4 2025  5 25 21  0  3.700  0.0   2
      121  23.875448  114.488387     3.052    -2099.4     -700.7    -1176.2     85.4     97.6     90.2 2025  5 25 23 59 59.440  0.0   2
      122  23.876249  114.492969     5.011    -1633.0     -612.0      783.3     83.0     82.0    134.5 2025  5 26  0 59 59.340  0.0   2
      123  23.881797  114.498128     8.137    -1107.4        2.5     3909.1    180.1    133.4     99.4 2025  5 26  1 59 59.190  0.0   2
      127  23.826066  114.536157     4.811     2766.7    -6170.1      582.8    216.0    201.0    117.4 2025  5 26  5  0  2.250  0.0   2
      128  23.866154  114.508789     6.425      -21.5    -1730.2     2196.5    115.6    176.9     67.4 2025  5 26  6  0  1.960  0.0   2
      129  23.782418  114.498340     8.634    -1086.4   -11004.4     4405.9    461.7    550.1    279.7 2025  5 26  7  0  2.330  0.0   2
      131  23.881773  114.493254     3.832    -1604.1       -0.3     -395.7    105.3     87.9     48.6 2025  5 26  9 59 59.320  0.0   2
      132  23.882815  114.492065     5.093    -1724.8      115.2      864.8     86.7     82.3     53.4 2025  5 26 10 59 59.380  0.0   2
      133  23.884076  114.492326     7.014    -1697.9      254.9     2785.4    131.9    102.7     69.5 2025  5 26 11 59 59.450  0.0   2
      134  23.883626  114.493970     9.107    -1531.0      204.9     4878.9    193.8    146.1     85.0 2025  5 26 12 59 59.460  0.0   2
      136  23.810490  114.532292     1.455     2372.5    -7895.3    -2773.3    174.9    208.8    122.6 2025  5 26 14  0  2.900  0.0   2
      139  23.843532  114.532788     0.989     2422.8    -4235.5    -3239.3    228.8    200.6     90.4 2025  5 26 17  0  4.420  0.0   2
      140  23.847984  114.514860     2.540      596.6    -3742.5    -1688.3    241.1    206.0    129.7 2025  5 26 18  0  4.320  0.0   2
      141  23.889657  114.496134     2.713    -1310.5      873.0    -1515.4    142.0    129.4    105.3 2025  5 26 19 59 59.480  0.0   2
      142  23.888127  114.495386     4.895    -1387.0      703.5      666.4     90.4     66.8     42.5 2025  5 26 20 59 59.440  0.0   2
      143  23.893111  114.500301     7.144     -886.2     1255.6     2915.8    119.2     65.3     52.9 2025  5 26 21 59 59.400  0.0   2
      148  23.903864  114.509611    11.085       62.4     2446.4     6857.2    972.2    908.1    221.6 2025  5 27  2  0  0.590  0.0   2
      149  23.844253  114.532397     1.698     2383.2    -4155.9    -2530.2    221.0    178.6    118.8 2025  5 27  3  0  4.240  0.0   2
      150  23.862040  114.525863     2.434     1717.5    -2185.8    -1794.4    352.8    103.3     71.8 2025  5 27  4  0  4.500  0.0   2
      151  23.893258  114.502311     2.551     -681.6     1271.7    -1677.3    129.0    134.2     69.5 2025  5 27  5 59 59.960  0.0   2
      152  23.894151  114.504574     4.628     -450.8     1370.7      399.8    119.1     95.8     85.0 2025  5 27  6 59 59.450  0.0   2
      153  23.891587  114.502311     6.867     -681.0     1086.8     2639.1    144.9    118.9     87.2 2025  5 27  7 59 59.460  0.0   2
      154  23.896183  114.510653     9.384      168.3     1595.8     5156.2    158.8    127.4     63.2 2025  5 27  8 59 59.360  0.0   2
      158  23.820290  114.545508     5.344     3718.9    -6809.9     1115.4    206.8    258.7    138.5 2025  5 27 12  0  2.800  0.0   2
      159  23.870089  114.547388     0.142     3909.6    -1294.3    -4084.7    122.2    193.5    473.9 2025  5 27 13  0  3.930  0.0   2
      161  23.915712  114.513208     2.640      428.4     3758.8    -1588.4    201.6    182.7    143.5 2025  5 27 15 59 59.480  0.0   2
      162  23.916626  114.513826     5.139      491.7     3859.9      911.2    136.5    195.7    109.4 2025  5 27 16 59 59.360  0.0   2
      163  23.919794  114.506177     8.998     -287.4     4210.8     4770.0    378.1    326.9    118.5 2025  5 27 17 59 58.920  0.0   2
      164  23.918166  114.510628    10.077      165.8     4030.6     5849.2    453.4    316.0    135.1 2025  5 27 18 59 59.160  0.0   2
      168  23.828796  114.538232     3.998     2977.8    -5867.7     -230.5    222.6    189.3    141.3 2025  5 27 22  0  3.520  0.0   2
      170  23.921958  114.501872     1.204     -726.2     4450.5    -3023.8    228.7    155.7    101.8 2025  5 28  0  0  4.600  0.0   2
      171  23.912941  114.528304     2.963     1965.5     3451.8    -1264.9    174.4    247.6    182.9 2025  5 28  1 59 59.400  0.0   2
      172  23.912514  114.528003     4.811     1935.3     3404.7      582.6     95.7    187.1    111.1 2025  5 28  2 59 59.410  0.0   2
      173  23.912565  114.526571     7.097     1789.0     3410.2     2869.0    153.5    159.3    106.8 2025  5 28  3 59 59.380  0.0   2
      174  23.912079  114.526603     9.058     1792.4     3356.4     4829.4    218.3    320.8    120.9 2025  5 28  4 59 59.400  0.0   2
      176  23.911324  114.529500    12.091     2087.2     3272.8     7862.4    163.3    197.4     84.4 2025  5 28  6 59 59.720  0.0   2
      181  23.904972  114.543530     3.059     3516.6     2569.3    -1169.5    202.0    359.0    216.2 2025  5 28 11 59 59.390  0.0   2
      183  23.903719  114.537712     7.620     2923.7     2430.4     3392.1    107.6    122.0     97.6 2025  5 28 13 59 59.350  0.0   2
      184  23.904327  114.538973     8.656     3052.6     2497.8     4428.2    111.6    127.5     99.6 2025  5 28 14 59 59.540  0.0   2
      190  23.935179  114.488778     9.847    -2059.5     5914.8     5618.6    371.6    588.0    114.8 2025  5 28 20  0  2.480  0.0   2
      194  23.892192  114.550431     9.233     4219.7     1153.6     5005.2    241.7    237.3    139.0 2025  5 29  0 59 59.430  0.0   2
      196  23.888177  114.533382     8.424     2483.1      709.1     4196.2    193.0    220.4     94.3 2025  5 29  2  0  0.230  0.0   2
      197  23.920329  114.505062     0.781     -401.1     4270.1    -3446.8    105.6    192.3    114.4 2025  5 29  3  0  3.300  0.0   2
      200  23.842977  114.528564     1.106     1992.4    -4297.1    -3122.3    106.8    104.0    160.5 2025  5 29  6  0  4.690  0.0   2
      201  23.842867  114.530688     3.183     2209.0    -4309.4    -1045.6    309.3    227.9     98.9 2025  5 29  7  0  4.810  0.0   2
      202  23.877618  114.547697     6.500     3941.3     -460.3     2271.9    252.6    208.7    129.5 2025  5 29  8 59 59.130  0.0   2
      203  23.874205  114.523551     9.149     1482.3     -838.5     4921.1    434.4    174.7     94.3 2025  5 29  9 59 58.980  0.0   2
      204  23.876831  114.550269    10.122     4203.3     -547.6     5893.5    287.6    190.2    126.5 2025  5 29 10 59 59.160  0.0   2
      205  23.872870  114.540186    11.881     3176.0     -986.3     7652.7    337.6    237.4    117.1 2025  5 29 11 59 59.340  0.0   2
      207  23.874817  114.540007     9.313     3157.8     -770.6     5085.0    309.2    275.5     99.8 2025  5 29 13  0  0.540  0.0   2
      211  23.864244  114.548641     2.897     4037.7    -1941.7    -1331.5    180.7    192.6    144.5 2025  5 29 17 59 59.440  0.0   2
      212  23.862474  114.541805     5.029     3341.3    -2137.7      801.1    207.5    139.9    104.7 2025  5 29 18 59 59.460  0.0   2
      214  23.861562  114.540983     6.079     3257.3    -2238.7     1851.0    252.9    189.4    107.8 2025  5 29 19 59 59.720  0.0   2
      216  23.863037  114.538965     8.109     3052.0    -2075.3     3881.0    423.2    261.3    154.8 2025  5 29 22  0  0.240  0.0   2
      217  23.857159  114.524259    11.045     1553.8    -2726.3     6817.3    532.4    261.6    140.9 2025  5 29 23  0  0.060  0.0   2
      220  23.814884  114.524308     1.377     1559.5    -7408.5    -2850.9    187.1    145.4     92.3 2025  5 30  2  0  4.700  0.0   2
      221  23.851375  114.538656     2.315     3020.4    -3367.0    -1912.7    144.0    156.9    127.9 2025  5 30  3 59 59.610  0.0   2
      222  23.850692  114.537679     4.520     2921.1    -3442.6      292.3    209.9    208.0     85.3 2025  5 30  4 59 59.420  0.0   2
      223  23.849835  114.535465     7.012     2695.9    -3537.6     2783.8    392.6    225.9    120.5 2025  5 30  5 59 59.370  0.0   2
      224  23.848106  114.540161     9.242     3174.3    -3729.2     5014.0    455.3    361.5    135.7 2025  5 30  6 59 59.360  0.0   2
      226  23.769824  114.516691     8.398      783.9   -12399.2     4170.0    897.2    517.2    357.3 2025  5 30  8  0  0.300  0.0   2
      229  23.901988  114.503971     3.354     -512.5     2238.8     -873.9    326.7    224.1    140.5 2025  5 30 11  0  3.790  0.0   2
      230  23.912008  114.503491     3.733     -560.8     3348.4     -495.3    266.7    299.1    100.7 2025  5 30 12  0  4.400  0.0   2
      231  23.845628  114.528613     2.697     1997.3    -4003.6    -1531.1    179.5    165.2    110.4 2025  5 30 13 59 59.550  0.0   2
      232  23.842902  114.526994     5.015     1833.1    -4305.4      786.8    279.4    162.2     93.3 2025  5 30 14 59 59.380  0.0   2
      233  23.839758  114.525879     6.959     1718.9    -4653.7     2732.3    270.9    132.4     97.3 2025  5 30 15 59 59.460  0.0   2
      235  23.843754  114.519287     7.180     1047.4    -4211.1     2952.3    187.1    133.8     93.0 2025  5 30 16 59 59.900  0.0   2
      236  23.844318  114.527173    10.036     1850.8    -4148.6     5807.5    438.9    129.7     79.7 2025  5 30 17 59 59.760  0.0   2
      239  23.820955  114.530591     2.498     2199.2    -6736.1    -1730.6    201.6    130.4     99.1 2025  5 30 21  0  3.700  0.0   2
      241  23.840979  114.513745     3.356      483.5    -4518.5     -871.7    249.1    233.9    169.5 2025  5 30 23 59 59.440  0.0   2
      242  23.840434  114.509521     5.597       53.1    -4578.9     1368.4    149.0    169.7    123.6 2025  5 31  0 59 59.270  0.0   2
      243  23.838936  114.513395     7.216      447.2    -4744.6     2987.4    200.2    154.0     80.5 2025  5 31  1 59 59.370  0.0   2
      244  23.840277  114.495296     9.663    -1395.6    -4596.2     5434.6    170.2    243.6    120.8 2025  5 31  2 59 59.160  0.0   2
      248  23.845713  114.529858     1.566     2124.7    -3994.0    -2661.7    149.3    131.1     89.1 2025  5 31  6  0  3.370  0.0   2
      249  23.806179  114.532113     0.939     2354.4    -8372.8    -3288.8    175.7    202.2     84.3 2025  5 31  7  0  4.220  0.0   2
      250  23.765302  114.510026     9.594      104.1   -12900.1     5366.3    890.2    702.2    459.7 2025  5 31  8  0  2.070  0.0   2
      251  23.871712  114.514722     1.891      582.7    -1114.4    -2337.0    215.9    217.6    142.7 2025  5 31  9  0  5.150  0.0   2
      252  23.842301  114.499056     6.352    -1013.1    -4372.0     2123.7    140.9    188.1    107.5 2025  5 31 10 59 59.210  0.0   2
      253  23.842110  114.500960     8.574     -818.7    -4393.2     4346.2    192.0    229.7     92.2 2025  5 31 11 59 59.130  0.0   2
      255  23.844554  114.488167    10.287    -2121.7    -4122.6     6058.5    190.1    326.1    104.3 2025  5 31 13 59 59.580  0.0   2
      257  23.877071  114.503874    10.930     -522.4     -521.0     6702.0    567.1    424.3    177.6 2025  5 31 15  0  0.310  0.0   2
      259  23.816138  114.529687     2.159     2107.4    -7269.6    -2069.4    138.7    130.3    119.4 2025  5 31 17  0  3.880  0.0   2
      261  23.841964  114.523307     0.538     1457.3    -4409.3    -3689.4    114.0    130.1    102.4 2025  5 31 19  0  5.340  0.0   2
      263  23.880931  114.505184     4.365     -389.0      -93.5      136.7    153.9    192.9     95.0 2025  5 31 21  0  0.360  0.0   2
      264  23.878007  114.501107     4.407     -803.9     -417.3      178.5    113.5    115.7     56.6 2025  5 31 22  0  0.640  0.0   2
      265  23.883730  114.505485     4.443     -358.4      216.5      214.8    159.3    198.0     99.3 2025  5 31 23  0  1.080  0.0   2
      266  23.852968  114.493831    12.362    -1545.2    -3190.6     8134.2    232.0    144.7    111.9 2025  6  1  0 59 59.760  0.0   2
      268  23.899268  114.506689     5.618     -235.2     1937.3     1389.7    268.4    288.2     92.8 2025  6  1  2  0  2.380  0.0   2
      270  23.883295  114.510645     2.067      167.3      168.4    -2161.3    157.0    177.8     74.3 2025  6  1  4  0  4.580  0.0   2
      274  23.847746  114.451514     9.695    -5855.3    -3768.9     5467.1    498.7    509.3    390.0 2025  6  1  8 59 58.870  0.0   2
      279  23.922715  114.466268     3.474    -4351.2     4534.4     -753.6    208.4    341.2    122.6 2025  6  1 13  0  3.740  0.0   2
      280  23.918760  114.493441     3.344    -1584.5     4096.3     -883.8    218.5    232.5    114.9 2025  6  1 14  0  4.300  0.0   2
      282  23.892714  114.493921     1.854    -1535.7     1211.7    -2373.7    145.8    121.4    115.2 2025  6  1 16  0  0.430  0.0   2
      285  23.877136  114.470337    10.875    -3937.8     -513.9     6647.4    260.2    209.0    126.3 2025  6  1 19 59 59.520  0.0   2
      288  23.885170  114.560832     8.332     5278.6      376.0     4104.1    174.9    194.2     67.1 2025  6  1 22  0  1.480  0.0   2
      291  23.843408  114.530111     0.908     2150.0    -4249.3    -3320.0    104.8    106.6     89.2 2025  6  2  1  0  5.550  0.0   2
      292  23.890061  114.472746     5.471    -3692.0      917.7     1242.6    179.5    115.0     93.2 2025  6  2  2 59 59.310  0.0   2
      293  23.892755  114.474943     7.433    -3468.5     1216.1     3205.3    189.0    108.8     98.3 2025  6  2  3 59 59.360  0.0   2
      294  23.888776  114.471989     9.386    -3769.0      775.4     5158.0    295.4    284.0    153.1 2025  6  2  4 59 59.380  0.0   2
      296  23.843125  114.530924     1.147     2232.8    -4280.6    -3080.6    190.6    154.5     70.8 2025  6  2  6  0  3.180  0.0   2
      299  23.874426  114.506665     4.503     -237.8     -813.8      274.7    180.5    199.6    111.1 2025  6  2  9  0  3.090  0.0   2
      300  23.877171  114.507039     3.906     -200.1     -510.0     -322.6    134.3    159.6     94.8 2025  6  2 10  0  3.800  0.0   2
      301  23.900557  114.483252     2.997    -2621.9     2080.3    -1231.3    198.1    169.4    115.3 2025  6  2 11 59 59.500  0.0   2
      302  23.904836  114.479346     5.299    -3019.8     2554.2     1070.8    300.6    196.6    117.4 2025  6  2 12 59 59.360  0.0   2
      303  23.906653  114.483512     7.317    -2595.8     2755.4     3088.7    272.2    300.6    135.2 2025  6  2 13 59 59.350  0.0   2
      304  23.885592  114.460750    10.211    -4913.8      422.6     5982.4    213.0    324.8    135.7 2025  6  2 14 59 58.910  0.0   2
      305  23.880676  114.458960    11.341    -5096.6     -121.6     7113.2    433.7    545.3    216.5 2025  6  2 15 59 59.300  0.0   2
      310  23.881547  114.517017     2.011      816.2      -25.2    -2217.0    154.0    160.0    104.8 2025  6  2 20  0  4.480  0.0   2
      311  23.910364  114.498161     2.823    -1103.7     3166.4    -1405.0    188.8    147.6     88.2 2025  6  2 21 59 59.480  0.0   2
      312  23.910828  114.492334     4.737    -1697.6     3217.8      508.4    271.7    189.6     88.7 2025  6  2 22 59 59.500  0.0   2
      313  23.912197  114.494515     7.024    -1475.1     3369.5     2796.2    275.8    215.1    111.4 2025  6  2 23 59 59.420  0.0   2
      314  23.907935  114.492472     9.270    -1683.4     2897.4     5042.1    390.8    352.7    117.4 2025  6  3  0 59 59.370  0.0   2
      315  23.907375  114.493595    10.772    -1569.1     2835.4     6544.0    519.3    498.7    160.0 2025  6  3  1 59 59.530  0.0   2
      321  23.936357  114.514771     3.020      587.8     6045.2    -1208.0    253.9    265.4    229.0 2025  6  3  7 59 59.350  0.0   2
      322  23.930058  114.510156     4.737      117.7     5347.5      509.1    262.3    418.9    198.4 2025  6  3  8 59 59.420  0.0   2
      324  23.931592  114.510832     9.767      186.4     5517.5     5538.7    438.8    330.0    171.6 2025  6  3 10 59 59.250  0.0   2
      325  23.934011  114.509261    12.027       26.1     5785.5     7798.8    446.6    481.9    201.0 2025  6  3 11 59 59.200  0.0   2
      326  23.933238  114.507707    13.661     -131.6     5699.9     9432.6    492.7    525.6    199.9 2025  6  3 12 59 59.250  0.0   2
      328  23.883282  114.516463     0.562      759.7      166.9    -3665.6    160.1    225.0     90.2 2025  6  3 14  0  3.750  0.0   2
      332  23.927834  114.539608     4.761     3116.7     5101.4      533.0    174.0    176.1    162.4 2025  6  3 18 59 59.360  0.0   2
      334  23.922406  114.527222     9.440     1855.7     4500.2     5212.2    240.9    322.9    134.4 2025  6  3 20 59 59.400  0.0   2
      339  23.820518  114.528068     1.599     1942.4    -6784.6    -2628.8    219.6    201.4    103.6 2025  6  4  1  0  5.100  0.0   2
      340  23.916956  114.489982     3.213    -1936.5     3896.5    -1015.2    235.4    194.7    127.2 2025  6  4  2  0  4.090  0.0   2
      341  23.924835  114.553776     4.197     4559.8     4769.3      -31.6    323.5    941.2    389.4 2025  6  4  3 59 59.320  0.0   2
      342  23.914777  114.556795     5.783     4867.2     3655.1     1554.5    114.9    152.6    130.5 2025  6  4  4 59 59.170  0.0   2
      348  23.889838  114.524943     3.406     1623.8      893.0     -821.8    231.0    264.8    130.2 2025  6  4 10  0  3.020  0.0   2
      352  23.919352  114.582406     6.794     7475.2     4162.0     2566.3    855.0   1049.2    851.7 2025  6  4 14 59 58.560  0.0   2
      359  23.850800  114.516829     7.076      797.2    -3430.7     2847.7    214.3    166.9     77.9 2025  6  4 21  0  2.580  0.0   2
      360  23.844248  114.521468     5.624     1269.9    -4156.3     1395.6    253.7    206.1    102.5 2025  6  4 22  0  3.580  0.0   2
      362  23.878866  114.563094     7.124     5509.1     -322.2     2896.1    163.7    230.3    125.4 2025  6  5  0 59 59.070  0.0   2
      363  23.877421  114.567651     9.132     5973.6     -482.2     4904.0    146.3    162.4    147.9 2025  6  5  1 59 58.960  0.0   2
      366  23.872640  114.562817     9.975     5481.2    -1011.8     5747.3    126.2    156.9     84.2 2025  6  5  3 59 59.850  0.0   2
      371  23.853819  114.570182     3.007     6231.3    -3096.4    -1221.3    219.0    394.3    292.7 2025  6  5  9 59 59.340  0.0   2
      372  23.854175  114.563289     5.226     5529.6    -3056.9      997.5    161.2    296.7    129.0 2025  6  5 10 59 59.410  0.0   2
      373  23.854201  114.568530     8.313     6063.4    -3053.8     4084.4    240.8    241.6    150.4 2025  6  5 11 59 59.040  0.0   2
      378  23.927199  114.517920     6.929      908.0     5031.1     2701.1    327.9    593.4    217.8 2025  6  5 16  0  2.640  0.0   2
      380  23.839339  114.534318     1.616     2578.7    -4700.0    -2612.1    168.7    133.4    201.9 2025  6  5 18  0  4.400  0.0   2
      381  23.840009  114.560246     2.999     5219.5    -4625.8    -1229.1    115.4    273.2    168.6 2025  6  5 19 59 59.280  0.0   2
      382  23.840647  114.554191     4.804     4603.5    -4555.0      575.9    213.1    345.0    139.7 2025  6  5 20 59 59.400  0.0   2
      383  23.837014  114.553133     7.012     4495.8    -4957.6     2784.4    198.1    182.7    127.9 2025  6  5 21 59 59.320  0.0   2
      384  23.837022  114.552865     8.644     4467.7    -4956.6     4415.8    290.0    293.3    157.3 2025  6  5 22 59 59.560  0.0   2
      389  23.844584  114.548275     4.867     4000.8    -4119.1      639.0    255.9    351.8    133.6 2025  6  6  3  0  2.910  0.0   2
      392  23.826103  114.531714     4.716     2313.9    -6166.1      488.1    211.8    170.4     85.9 2025  6  6  6 59 59.470  0.0   2
      393  23.826774  114.526782     6.646     1811.4    -6091.7     2418.0    599.3    226.1    133.2 2025  6  6  7 59 59.500  0.0   2
      395  23.887887  114.509766     2.987       78.1      676.8    -1241.0    200.5    121.5    132.6 2025  6  6  9  0  2.180  0.0   2
      396  23.814443  114.534163     2.344     2563.3    -7457.5    -1884.3    142.7    115.5     80.4 2025  6  6 10  0  1.910  0.0   2
      401  23.821562  114.509562     2.767       57.3    -6669.0    -1460.9    146.7    140.8    117.4 2025  6  6 15 59 59.470  0.0   2
      402  23.823368  114.507666     5.000     -135.6    -6468.9      772.2    185.5    233.0     98.0 2025  6  6 16 59 59.390  0.0   2
      403  23.821352  114.504688     7.201     -439.3    -6692.1     2973.3    301.2    208.8    188.3 2025  6  6 17 59 59.360  0.0   2
      404  23.821232  114.511906     8.634      295.7    -6705.5     4405.4    291.4    189.4    127.9 2025  6  6 18 59 59.480  0.0   2
      406  23.821206  114.510465     9.297      149.1    -6708.5     5068.5    303.0    209.5    112.0 2025  6  6 19 59 59.960  0.0   2
      407  23.875531  114.511377     3.903      241.9     -691.5     -324.9    216.5    246.1    106.4 2025  6  6 21  0  2.620  0.0   2
      410  23.915059  114.500635     0.734     -852.0     3686.4    -3493.7    136.6    182.5    152.4 2025  6  7  0  0  5.360  0.0   2
      413  23.822532  114.505208     3.702     -386.4    -6561.5     -526.3    129.2    182.6     85.2 2025  6  7  3  0  0.130  0.0   2
      418  23.808746  114.518709     3.510      988.9    -8088.3     -717.9    173.9    141.9     74.0 2025  6  7  8  0  2.910  0.0   2
      419  23.837797  114.506812    10.520     -222.9    -4870.8     6292.2    298.7    395.2    142.9 2025  6  7  9  0  1.430  0.0   2
      421  23.911041  114.504207     2.057     -488.1     3241.3    -2170.9    190.8    243.6    139.7 2025  6  7 11  0  5.640  0.0   2
      424  23.873568  114.495703     5.328    -1354.1     -909.0     1099.5    115.3    125.6     87.0 2025  6  7 14  0  0.730  0.0   2
      426  23.823444  114.517773     3.641      893.4    -6460.6     -586.8    147.0    148.8     77.0 2025  6  7 16  0  2.060  0.0   2
      428  23.918166  114.490568     2.707    -1876.9     4030.6    -1521.3    279.7    186.0    122.3 2025  6  7 18  0  3.800  0.0   2
      429  23.883236  114.458000     6.812    -5194.3      161.9     2583.5    477.4    225.3    202.8 2025  6  7 19  0  2.640  0.0   2
      431  23.856258  114.447510     6.952    -6263.3    -2826.2     2723.5     99.1    126.1    116.5 2025  6  7 21 59 58.760  0.0   2
      432  23.856346  114.452661     7.156    -5738.4    -2816.4     2927.7    101.6    124.1    115.4 2025  6  7 22 59 59.080  0.0   2
      433  23.870878  114.466056     8.606    -4374.0    -1206.9     4378.4    221.3    271.1    144.6 2025  6  7 23 59 59.500  0.0   2
      434  23.862606  114.455615     9.005    -5437.5    -2123.1     4777.3    489.5    568.3    381.4 2025  6  8  0 59 59.530  0.0   2
      440  23.888460  114.474438     7.100    -3520.1      740.5     2871.6    174.1    111.8     69.1 2025  6  8  6  0  3.040  0.0   2
      441  23.880107  114.442253    10.905    -6798.2     -184.7     6676.7    411.0    406.6    260.6 2025  6  8  7  0  2.350  0.0   2
      443  23.822768  114.523576     5.199     1485.1    -6535.4      971.1    202.9    185.9     78.8 2025  6  8  9  0  1.240  0.0   2
      446  23.883899  114.459676    10.367    -5023.1      235.2     6139.0    205.3    207.3    140.0 2025  6  8 11 59 59.820  0.0   2
      448  23.882682  114.467074     9.974    -4270.2      100.4     5746.2    226.1    201.0    126.8 2025  6  8 14  0  0.940  0.0   2
      449  23.925175  114.479533     6.229    -3000.9     4806.8     2001.0    411.9    594.9    118.8 2025  6  8 15  0  2.840  0.0   2
      450  23.795758  114.514909     9.137      602.3    -9527.0     4908.4    881.5   1041.3    220.1 2025  6  8 16  0  3.090  0.0   2
      451  23.897683  114.451766     3.670    -5829.0     1761.9     -558.1    195.3    248.5    204.9 2025  6  8 17 59 59.360  0.0   2
      452  23.896576  114.453027     5.814    -5700.4     1639.4     1585.9    153.2    186.6    130.8 2025  6  8 18 59 59.220  0.0   2
      453  23.898037  114.451245     8.378    -5881.6     1801.2     4150.0    276.2    308.0    187.7 2025  6  8 19 59 59.080  0.0   2
      457  23.905701  114.498633     5.994    -1055.8     2650.0     1766.2    331.8    222.0    119.6 2025  6  8 23  0  1.660  0.0   2
      458  23.921033  114.474349     5.474    -3528.4     4348.1     1245.8    314.5    269.3    125.7 2025  6  9  0  0  2.330  0.0   2
      460  23.882202  114.515641     4.340      676.2       47.4      112.3    237.6    262.2     72.2 2025  6  9  2  0  3.930  0.0   2
      463  23.926542  114.467122     7.413    -4264.6     4958.3     3184.9    420.6    605.0    172.8 2025  6  9  5 59 59.300  0.0   2
      465  23.815796  114.536849     6.948     2836.5    -7307.6     2720.4    260.1    373.8    109.4 2025  6  9  7  0  1.790  0.0   2
      471  23.927620  114.488916     2.539    -2044.8     5077.6    -1689.4    178.7    209.1    102.7 2025  6  9 13 59 59.620  0.0   2
      472  23.933445  114.494108     5.123    -1516.3     5722.9      895.0    424.6    531.0    220.4 2025  6  9 14 59 59.370  0.0   2
      474  23.930066  114.491813     9.204    -1750.4     5348.6     4975.8    277.3    343.9     74.1 2025  6  9 16 59 59.440  0.0   2
      479  23.934275  114.474162     4.847    -3547.2     5814.7      619.2    369.3    294.5    110.2 2025  6  9 21  0  2.960  0.0   2
      481  23.841376  114.526400     0.442     1772.3    -4474.5    -3785.4    137.9    118.2    136.9 2025  6  9 23  0  6.080  0.0   2
      482  23.956514  114.515137     5.369      624.4     8278.0     1141.2    458.9    342.3    263.8 2025  6 10  0 59 59.200  0.0   2
      483  23.956976  114.524495     8.652     1577.9     8329.0     4423.6    351.5    386.5    260.3 2025  6 10  1 59 58.810  0.0   2
      485  23.846517  114.529346     0.237     2072.7    -3905.1    -3990.4    131.2    134.7    139.8 2025  6 10  3  0  3.980  0.0   2
      491  23.928072  114.509652     1.884       66.1     5127.7    -2344.4    220.6    160.9    131.0 2025  6 10  9  0  5.080  0.0   2
      492  23.860050  114.545931     0.538     3761.7    -2406.2    -3688.9    170.8    148.8    359.0 2025  6 10 10  0  2.220  0.0   2
      493  23.932522  114.553182     9.280     4499.0     5620.6     5052.2    590.1   1012.8    466.1 2025  6 10 11 59 58.800  0.0   2
      501  23.899705  114.521826     2.268     1306.4     1986.0    -1959.8    125.0    169.5    119.5 2025  6 10 19  0  4.980  0.0   2
      502  23.925818  114.563843     6.131     5584.5     4877.9     1902.6    113.4    198.9    135.4 2025  6 10 20 59 59.340  0.0   2
      504  23.912897  114.525692     4.971     1699.9     3446.9      743.1    121.2    179.6     94.9 2025  6 10 22  0  0.680  0.0   2
      505  23.912059  114.546509     6.187     3819.5     3354.1     1959.3    174.4    208.4    146.3 2025  6 10 23  0  0.560  0.0   2
      507  23.855398  114.561890     8.911     5386.8    -2921.6     4682.7    209.4    296.5    116.0 2025  6 11  1  0  1.450  0.0   2
      509  23.912545  114.527515    12.924     1885.4     3408.0     8696.3    180.0    212.9     77.5 2025  6 11  3  0  0.920  0.0   2
      510  23.871724  114.585425     0.330     7783.9    -1113.1    -3897.6    235.2    945.4    763.8 2025  6 11  4  0  3.460  0.0   2
      513  23.896598  114.569523     8.743     6163.7     1641.7     4515.1    225.2    240.4    169.5 2025  6 11  7 59 59.430  0.0   2
      516  23.873077  114.538745     5.187     3029.5     -963.4      958.5    246.5    139.9     97.8 2025  6 11 10  0  1.700  0.0   2
      528  23.826463  114.539233     6.359     3079.6    -6126.2     2130.6    400.9    392.4    165.4 2025  6 11 22  0  2.680  0.0   2
      530  23.946779  114.520955     8.936     1217.0     7199.7     4707.5    479.1    560.5    207.6 2025  6 12  0  0  2.960  0.0   2
      531  23.846051  114.581006     4.045     7334.6    -3956.6     -183.2    127.1    352.0    149.6 2025  6 12  1 59 59.320  0.0   2
      532  23.846889  114.587484     5.478     7994.2    -3863.9     1249.8    128.3    392.9    145.9 2025  6 12  2 59 59.240  0.0   2
      534  23.849481  114.557568     9.071     4947.3    -3576.7     4842.7    212.3    276.4    110.7 2025  6 12  4 59 59.710  0.0   2
      540  23.922172  114.480884     0.377    -2863.5     4474.3    -3851.0    130.8    236.7    235.4 2025  6 12 10  0  6.050  0.0   2
      541  23.827852  114.566341     3.310     5840.7    -5972.3     -917.7    201.1    294.5    209.3 2025  6 12 11 59 59.410  0.0   2
      547  23.909526  114.504411     2.942     -467.8     3073.6    -1286.6    217.5    174.5    104.0 2025  6 12 17  0  3.740  0.0   2
      548  23.918610  114.507243     1.933     -179.3     4079.7    -2295.2    201.6    231.1    121.2 2025  6 12 18  0  4.580  0.0   2
      551  23.841492  114.515975     2.066      710.6    -4461.7    -2162.1    165.7    199.8    174.1 2025  6 12 21  0  4.880  0.0   2
      553  23.807389  114.536678     7.821     2819.6    -8238.7     3592.9    389.7    274.8    130.5 2025  6 12 23 59 59.180  0.0   2
      556  23.911861  114.523006     4.664     1425.8     3332.2      436.0    153.2    195.1     68.1 2025  6 13  2  0  2.890  0.0   2
      558  23.848405  114.556022     6.299     4789.3    -3695.9     2071.0    139.2    284.7    101.5 2025  6 13  4  0  2.080  0.0   2
      559  23.914675  114.478499     1.541    -3106.2     3643.9    -2687.4    255.8    255.4    225.6 2025  6 13  5  0  5.510  0.0   2
      562  23.803601  114.511898     1.924      294.8    -8658.3    -2303.8    139.2    162.2    119.5 2025  6 13  7 59 59.880  0.0   2
      563  23.802822  114.510669     3.978      170.3    -8744.5     -250.0    175.1    158.4     92.9 2025  6 13  8 59 59.770  0.0   2
      565  23.909914  114.495915     1.601    -1332.6     3116.6    -2627.2    194.6    131.9     89.6 2025  6 13 11  0  3.570  0.0   2
      570  23.838971  114.528149     0.857     1950.9    -4740.8    -3371.2    186.5    118.2    108.6 2025  6 13 16  0  4.780  0.0   2
      572  23.809564  114.491878     2.722    -1744.4    -7997.8    -1506.5    184.6    317.0    223.7 2025  6 13 17 59 59.880  0.0   2
      574  23.811584  114.518319     2.170      949.2    -7774.1    -2058.1    236.6    158.5     90.8 2025  6 13 20  0  1.240  0.0   2
      575  23.806506  114.519832     3.837     1103.2    -8336.6     -390.9    209.6    147.9     76.7 2025  6 13 21  0  1.220  0.0   2
      577  23.919566  114.496663     0.630    -1256.5     4185.5    -3598.0    104.7    119.6     98.1 2025  6 13 23  0  4.360  0.0   2
      579  23.931964  114.486043     3.496    -2337.9     5558.7     -732.4    476.8    585.1    228.1 2025  6 14  1  0  4.590  0.0   2
      583  23.893758  114.508105     2.319      -91.2     1327.2    -1908.9    115.3    125.8     77.9 2025  6 14  5  0  2.030  0.0   2
      588  23.938991  114.469124     1.260    -4060.4     6337.0    -2967.9    175.5    188.7    185.3 2025  6 14 10  0  4.440  0.0   2
      589  23.879012  114.515877     2.830      700.3     -306.0    -1398.6    184.9    169.3    103.0 2025  6 14 11  0  4.280  0.0   2
      590  23.889665  114.489087     7.092    -2027.7      873.8     2864.2    415.7    159.1    129.3 2025  6 14 12  0  3.510  0.0   2
      598  23.913397  114.470988     6.137    -3871.1     3502.4     1909.4    538.5    425.5    164.9 2025  6 14 20  0  2.820  0.0   2
      601  23.869981  114.416471     7.565    -9423.9    -1306.3     3337.3    130.9    141.3    133.0 2025  6 14 23 59 58.520  0.0   2
      602  23.864893  114.420825     6.292    -8980.6    -1869.7     2063.8    136.5    142.0    154.0 2025  6 15  0 59 58.910  0.0   2
      603  23.870856  114.423071     6.978    -8752.0    -1209.4     2749.5    139.3    148.1    140.2 2025  6 15  1 59 59.210  0.0   2
      605  23.822013  114.523185     3.683     1444.6    -6619.0     -545.0    227.4    159.5    105.5 2025  6 15  3  0  2.640  0.0   2
      608  23.921348  114.472925     5.710    -3673.7     4382.9     1481.8    346.9    390.7    136.3 2025  6 15  6  0  2.660  0.0   2
      609  23.922664  114.458341     4.736    -5158.2     4528.8      507.8    418.9    713.0    261.5 2025  6 15  7  0  3.330  0.0   2
      610  23.840635  114.526888     1.780     1822.1    -4556.4    -2448.5    143.3    176.0    109.9 2025  6 15  8  0  5.400  0.0   2
      611  23.903056  114.426172     4.566    -8435.0     2357.1      338.0     81.9    130.4    111.5 2025  6 15  9 59 59.020  0.0   2
      612  23.900260  114.430428     5.369    -8001.8     2047.4     1141.1     94.2    130.5    103.5 2025  6 15 10 59 59.240  0.0   2
      613  23.900643  114.427881     7.612    -8261.4     2089.7     3384.3    221.0    348.2    208.4 2025  6 15 11 59 59.180  0.0   2
      615  23.905381  114.443449     7.023    -6675.7     2614.5     2795.2    161.6    246.2    147.8 2025  6 15 13  0  0.010  0.0   2
      617  23.853695  114.529565     0.614     2094.8    -3110.1    -3613.1    152.9    104.6    165.9 2025  6 15 15  0  4.470  0.0   2
      618  23.904484  114.449479     6.664    -6061.2     2515.2     2436.0    173.5    192.9    137.6 2025  6 15 16  0  1.760  0.0   2
      619  23.913765  114.465633     2.999    -4416.3     3543.1    -1229.0    175.7    173.1    106.2 2025  6 15 17  0  3.640  0.0   2
      620  23.919267  114.498112     2.291    -1108.5     4152.6    -1937.1    171.5    210.0     74.4 2025  6 15 18  0  4.720  0.0   2
      621  23.921336  114.449300     3.712    -6079.1     4381.7     -516.5    141.4    266.2    112.5 2025  6 15 19 59 59.240  0.0   2
      622  23.930937  114.447493     6.454    -6262.9     5445.0     2225.8     92.6    118.3     77.6 2025  6 15 20 59 59.040  0.0   2
      630  23.881384  114.504875     4.626     -420.6      -43.3      398.2    179.3    199.1    117.4 2025  6 16  4  0  4.040  0.0   2
      632  23.949477  114.482479     5.393    -2700.6     7498.4     1164.6    318.3    146.7    121.7 2025  6 16  6 59 59.320  0.0   2
      636  23.804095  114.511507     9.292      255.0    -8603.5     5063.8    195.0    439.2     92.2 2025  6 16 10  0  2.550  0.0   2
      640  23.836344  114.531030     0.809     2244.4    -5031.7    -3418.5    187.5    127.5    103.4 2025  6 16 14  0  6.200  0.0   2
      641  23.979726  114.516593     5.370      773.1    10848.8     1142.2    139.8    106.9    130.8 2025  6 16 15 59 58.740  0.0   2
      642  23.972727  114.513558     5.301      463.8    10073.6     1072.5    139.2    109.7    124.8 2025  6 16 16 59 59.250  0.0   2
      643  23.954983  114.512386     7.256      344.5     8108.2     3028.2    315.5    304.5    218.8 2025  6 16 17 59 59.620  0.0   2
      646  23.951123  114.506478     8.750     -256.8     7680.8     4522.4    357.2    305.0    204.1 2025  6 16 20  0  0.220  0.0   2
      648  23.944421  114.506803     9.915     -223.5     6938.6     5686.7    373.2    358.9    186.9 2025  6 16 22  0  1.080  0.0   2
      654  23.933346  114.506429     2.095     -261.8     5711.7    -2132.6    224.6    136.0    132.6 2025  6 17  4  0  1.520  0.0   2
      657  23.917731  114.590983     8.422     8348.7     3982.3     4193.9    870.8   1126.0    817.5 2025  6 17  7  0  0.640  0.0   2
      659  23.900307  114.510352     1.580      137.5     2052.7    -2648.3    127.5    106.7    133.3 2025  6 17  9  0  4.670  0.0   2
      662  23.841860  114.532568     1.825     2400.6    -4420.9    -2403.5    234.3    215.3     87.4 2025  6 17 12  0  2.650  0.0   2
      663  23.925979  114.532585     4.537     2401.5     4895.9      309.4    145.7    150.6    184.6 2025  6 17 13  0  0.780  0.0   2
      666  23.904529  114.554907     8.912     4675.2     2520.2     4684.4    356.0    384.8    219.6 2025  6 17 16  0  0.690  0.0   2
      667  23.898466  114.501204     0.975     -794.2     1848.6    -3252.7    147.1    126.5     75.9 2025  6 17 17  0  4.000  0.0   2
      668  23.862773  114.540731     0.635     3231.4    -2104.6    -3592.1    133.9    157.9    181.7 2025  6 17 18  0  4.420  0.0   2
      671  23.886941  114.561353     8.597     5332.0      572.1     4368.4    144.0    206.7     57.0 2025  6 17 21 59 59.480  0.0   2
      672  23.914921  114.523389     2.674     1464.8     3671.1    -1553.7    155.0    237.3    158.1 2025  6 17 22  0  1.740  0.0   2
      684  23.915238  114.559814     2.530     5174.9     3706.3    -1698.5    291.9    900.2    474.3 2025  6 18 10  0  1.440  0.0   2
      687  23.856356  114.564274     0.773     5630.2    -2815.4    -3455.3    240.3    419.9    477.3 2025  6 18 13  0  2.760  0.0   2
      688  23.849205  114.521427     5.447     1266.1    -3607.5     1219.2    311.7    216.0    118.7 2025  6 18 14  0  2.730  0.0   2
      689  23.814398  114.531274     1.346     2269.3    -7462.3    -2882.1    178.4    133.4    162.7 2025  6 18 15  0  5.090  0.0   2
      696  23.916597  114.504012     3.250     -507.6     3856.7     -978.4    237.8    213.0     92.4 2025  6 18 22  0  3.600  0.0   2
      703  23.887390  114.515975     0.225      710.3      622.0    -4001.6    157.3    362.9    218.1 2025  6 19  5  0  2.980  0.0   2
      706  23.922569  114.476481     2.691    -3311.5     4518.2    -1537.4    179.2    235.8     99.0 2025  6 19  8  0  4.660  0.0   2
      708  23.808529  114.541414     3.337     3302.5    -8112.5     -891.0    119.9    147.7     91.7 2025  6 19 10  0  2.930  0.0   2
      711  23.790169  114.548958     3.153     4070.8   -10145.9    -1074.9    145.7    165.5    112.6 2025  6 19 13 59 59.430  0.0   2
      713  23.797719  114.546899     3.853     3861.0    -9309.8     -375.3    125.1    164.4     81.4 2025  6 19 14 59 59.830  0.0   2
      714  23.794800  114.542489     8.541     3411.7    -9633.1     4312.6    325.1    368.0     92.3 2025  6 19 16 59 59.570  0.0   2
      719  23.936129  114.499113     9.509    -1006.4     6020.1     5280.5    613.0   1533.1    302.1 2025  6 19 21  0  3.600  0.0   2
      723  23.797854  114.521940     3.136     1318.2    -9294.8    -1091.8    180.4    121.7     80.8 2025  6 20  1  0  0.220  0.0   2
      725  23.799272  114.509383     8.640       39.2    -9137.8     4412.2    195.9    359.8     82.8 2025  6 20  2 59 59.640  0.0   2
      726  23.810331  114.532935     1.486     2438.6    -7912.9    -2742.1    130.3    116.0    125.2 2025  6 20  4  0  2.170  0.0   2
      727  23.847605  114.549788     3.348     4154.9    -3784.5     -879.8    172.9    242.9    120.7 2025  6 20  5  0  2.640  0.0   2
      728  23.809068  114.527238     3.514     1857.8    -8052.7     -714.5    143.1    160.6     66.6 2025  6 20  6  0  2.820  0.0   2
      730  23.953717  114.476172     9.276    -3342.5     7968.1     5047.8    999.3   1162.7    317.6 2025  6 20  8  0  4.010  0.0   2
      737  23.940977  114.482113     5.338    -2737.6     6557.0     1109.9    274.0    200.9    108.6 2025  6 20 15  0  3.620  0.0   2
      741  23.809965  114.436279     8.004    -7408.7    -7953.5     3775.9    240.8    750.1    262.9 2025  6 20 19 59 58.680  0.0   2
      743  23.883105  114.499935     5.505     -923.7      147.4     1277.2    111.2    137.6     81.7 2025  6 20 21  0  1.500  0.0   2
      748  23.845620  114.508081     9.447      -93.9    -4004.5     5218.9    155.7    244.0    105.1 2025  6 21  2  0  1.810  0.0   2
      749  23.846903  114.566024     8.818     5808.3    -3862.3     4589.9    196.1    291.2    110.9 2025  6 21  3  0  2.610  0.0   2
      758  23.920829  114.486279     2.928    -2313.7     4325.6    -1300.5    167.4    212.5     96.5 2025  6 21 12  0  4.080  0.0   2
      759  23.891443  114.513371     1.594      444.9     1070.8    -2634.2    184.9    287.3    115.6 2025  6 21 13  0  4.990  0.0   2
      761  23.842285  114.528630     0.302     1999.5    -4373.8    -3925.8    121.8    105.9    116.0 2025  6 21 15  0  6.450  0.0   2
      767  23.887895  114.427930     9.961    -8256.8      677.7     5733.1    366.5    358.7    213.2 2025  6 21 21  0  0.540  0.0   2
      768  23.876638  114.517318     0.849      846.8     -568.9    -3377.7    151.1    162.6    142.9 2025  6 21 22  0  4.800  0.0   2
      769  23.832316  114.513973     9.015      506.5    -5477.8     4786.9    605.0    501.2     96.3 2025  6 21 23  0  2.980  0.0   2
      771  23.923910  114.476180     1.389    -3341.8     4666.6    -2838.9    172.1    121.0    105.9 2025  6 22  1  0  5.930  0.0   2
      772  23.913302  114.442920     1.658    -6729.4     3491.7    -2569.2    335.8    465.5    506.2 2025  6 22  2  0  0.500  0.0   2
      773  23.909703  114.431266     3.600    -7915.7     3093.1     -628.2     84.1    153.1    116.4 2025  6 22  2 59 59.960  0.0   2
      775  23.902417  114.444857     4.665    -6532.5     2286.3      437.4    208.7    267.7    199.9 2025  6 22  5  0  0.770  0.0   2
      776  23.819118  114.525049     1.185     1634.9    -6939.6    -3043.5    213.2    160.3    148.8 2025  6 22  6  0  4.400  0.0   2
      780  23.926678  114.472656     4.387    -3700.6     4973.5      159.3    313.4    431.7    125.5 2025  6 22 10  0  3.880  0.0   2
      781  23.915668  114.497160     1.905    -1205.7     3753.9    -2322.9    200.3    201.5    105.9 2025  6 22 11  0  5.450  0.0   2
      783  23.925916  114.446248     4.442    -6390.2     4888.8      213.9    164.7    328.7    131.0 2025  6 22 12 59 59.770  0.0   2
      785  23.934507  114.451896     6.214    -5814.5     5840.4     1986.4     92.9    107.8    109.7 2025  6 22 15  0  0.250  0.0   2
      791  23.960645  114.477026     3.681    -3255.5     8735.2     -547.4    320.0    156.5    162.0 2025  6 22 21 59 59.400  0.0   2
      792  23.959190  114.471590     5.444    -3809.0     8574.2     1215.6    159.0    111.3     85.1 2025  6 22 22 59 59.400  0.0   2
      814  23.949243  114.517163     3.670      831.2     7472.6     -558.2    206.5    201.0    189.3 2025  6 23 20  0  1.160  0.0   2
      816  23.920127  114.504915     0.981     -415.8     4247.7    -3247.0    186.2    164.7    143.0 2025  6 23 22  0  3.240  0.0   2
      819  23.929871  114.480208     0.765    -2931.7     5326.9    -3463.1     92.4    145.5    139.8 2025  6 24  1  0  4.840  0.0   2
      820  23.921623  114.480396     3.615    -2912.8     4413.4     -613.0    258.0    237.1    113.5 2025  6 24  2  0  4.670  0.0   2
      821  23.855457  114.515592     1.904      671.8    -2915.0    -2324.5     87.8     83.1     86.0 2025  6 24  3  0  6.210  0.0   2
      834  23.912685  114.487004     1.129    -2239.9     3423.6    -3098.6    300.7    225.3    275.2 2025  6 24 16  0  3.770  0.0   2
      847  23.875452  114.530827     9.580     2223.2     -700.4     5352.0    630.1    327.3    151.8 2025  6 25  5  0  1.510  0.0   2
      848  23.802246  114.524691     1.623     1598.1    -8808.4    -2604.9    270.2    274.3    138.2 2025  6 25  6  0  4.870  0.0   2
      853  23.912209  114.504850     1.950     -422.8     3370.9    -2277.8    238.9    222.9    125.0 2025  6 25 11  0  3.720  0.0   2
      855  23.840971  114.546663     7.112     3836.6    -4519.3     2883.9    210.3    168.7    105.0 2025  6 25 13  0  1.070  0.0   2
      857  23.844480  114.558374     4.702     5028.9    -4130.6      474.2    159.8    398.6    116.6 2025  6 25 15  0  2.430  0.0   2
      859  23.857591  114.535596     3.496     2708.6    -2678.6     -731.7    290.6    211.4    109.4 2025  6 25 17  0  4.000  0.0   2
      865  23.911184  114.499430     2.164     -974.7     3257.1    -2063.9    173.1    201.0    112.2 2025  6 25 23  0  4.280  0.0   2
      869  23.880375  114.569116     1.304     6122.5     -154.9    -2924.5    261.2    689.7    576.3 2025  6 26  3  0  3.950  0.0   2
      870  23.852094  114.531632     1.117     2305.1    -3287.4    -3111.2    153.0    135.1     92.4 2025  6 26  4  0  5.250  0.0   2
      874  23.916783  114.477360     1.093    -3222.3     3877.2    -3135.5    190.0    126.1    153.4 2025  6 26  8  0  4.890  0.0   2
      877  23.923728  114.481535     3.655    -2796.7     4646.6     -573.6    300.9    371.9    129.1 2025  6 26 11  0  5.110  0.0   2
      878  23.801872  114.537036     1.319     2856.2    -8849.7    -2909.4    172.8    227.3    152.1 2025  6 26 12  0  3.400  0.0   2
      884  23.799750  114.528263     2.788     1962.3    -9084.8    -1440.2    161.8    129.6     71.8 2025  6 26 18  0  1.100  0.0   2
      885  23.786424  114.510140     5.543      115.8   -10560.7     1314.8    630.2    411.2    307.3 2025  6 26 19  0  0.680  0.0   2
      888  23.851951  114.510579     3.100      160.8    -3303.1    -1128.5    119.4    103.1    113.2 2025  6 26 22  0  3.720  0.0   2
      889  23.798437  114.527246     1.971     1858.9    -9230.2    -2256.6    234.1    311.3    118.8 2025  6 26 23  0  3.960  0.0   2
      898  23.832546  114.499707     4.391     -946.9    -5452.4      162.4    187.5    262.9     86.7 2025  6 27  8  0  2.790  0.0   2
      904  23.904431  114.514714     1.296      582.2     2509.4    -2931.7    186.5    125.2    127.7 2025  6 27 14  0  3.440  0.0   2
      905  23.889083  114.499300     3.659     -988.1      809.4     -569.1    185.7    189.9     89.7 2025  6 27 15  0  3.090  0.0   2
      906  23.841353  114.519010     0.642     1019.3    -4476.9    -3586.2    168.3    126.2    246.4 2025  6 27 16  0  3.870  0.0   2
      909  23.836310  114.525228     0.769     1652.7    -5035.5    -3457.6    226.0    197.2    205.4 2025  6 27 19  0  5.200  0.0   2
      923  23.901414  114.435246     4.670    -7510.6     2175.1      442.2     95.2    118.3    101.1 2025  6 28  9  0  0.870  0.0   2
      927  23.819826  114.515658     2.039      678.5    -6861.2    -2189.0    198.3    188.8     97.0 2025  6 28 13  0  4.630  0.0   2
      936  23.780845  114.507340     8.595     -169.2   -11178.6     4366.6    552.2    481.5    263.5 2025  6 28 22  0  3.040  0.0   2
      937  23.912634  114.489364     3.252    -1999.8     3417.8     -976.3    238.9    193.1    106.9 2025  6 28 23  0  3.360  0.0   2
      938  23.892041  114.514591     1.010      569.4     1136.9    -3218.1    160.9    237.3    122.1 2025  6 29  0  0  4.760  0.0   2
      939  23.917395  114.491593     5.620    -1772.8     3945.1     1392.1    320.2    259.5    108.2 2025  6 29  1  0  3.490  0.0   2
      940  23.915611  114.499862     2.217     -930.5     3747.6    -2010.9    177.3    227.8     73.8 2025  6 29  2  0  5.090  0.0   2
      949  23.908877  114.519816     9.090     1101.0     3001.7     4862.0    380.8    534.5    157.5 2025  6 29 11  0  2.290  0.0   2
      953  23.961271  114.465837     5.631    -4394.4     8804.7     1402.7    164.4    100.9    105.1 2025  6 29 14 59 59.750  0.0   2
      956  23.941726  114.477035     5.803    -3255.1     6639.9     1575.1    294.1    227.9    123.5 2025  6 29 18  0  1.280  0.0   2
      957  23.903949  114.499064     2.510    -1011.5     2455.8    -1718.5    249.5    192.2    103.4 2025  6 29 19  0  3.400  0.0   2
      970  23.853662  114.532772     0.934     2421.1    -3113.6    -3293.9    172.1    124.4    162.5 2025  6 30  8  0  6.570  0.0   2
      971  23.948606  114.489738     4.941    -1961.7     7402.1      712.8    295.7    142.5    120.1 2025  6 30  9  0  4.380  0.0   2
      974  23.919218  114.503483     0.138     -562.0     4147.1    -4090.2    109.7    137.9    124.3 2025  6 30 12  0  3.200  0.0   2
      976  23.844385  114.522380     0.754     1362.8    -4141.1    -3473.4    222.1    162.8    228.3 2025  6 30 14  0  5.430  0.0   2
      980  23.942308  114.497640     5.004    -1157.1     6704.5      776.2    420.5    209.0    147.4 2025  6 30 18  0  4.180  0.0   2
      982  23.849906  114.531201     1.344     2261.3    -3529.6    -2884.3    215.6    175.9     75.8 2025  6 30 20  0  3.880  0.0   2
      983  23.962356  114.550765     8.858     4252.0     8924.7     4630.3    339.5    365.4    275.2 2025  6 30 21  0  0.040  0.0   2
      984  23.941600  114.527555     3.131     1888.9     6626.0    -1096.9    261.4    316.8    325.2 2025  6 30 22  0  2.160  0.0   2
      985  23.920133  114.509383     1.061       39.1     4248.5    -3167.5    109.7    307.3    105.3 2025  6 30 23  0  3.560  0.0   2
      987  23.863820  114.552848     2.585     4465.8    -1988.6    -1643.3    163.9    208.8    157.5 2025  7  1  1  0  4.160  0.0   2
      990  23.947959  114.487785     9.118    -2159.9     7330.4     4889.9    724.7    434.6    189.7 2025  7  1  4  0  3.640  0.0   2
     1000  23.927504  114.517082     3.505      823.0     5064.9     -723.2    252.8    375.5    225.4 2025  7  1 14  0  5.140  0.0   2
     1002  23.846391  114.568254     8.425     6035.5    -3919.0     4196.7    227.2    191.2    141.3 2025  7  1 16  0  0.640  0.0   2
     1003  23.926998  114.479932     1.531    -2960.0     5008.7    -2696.8    159.3    169.7    115.0 2025  7  1 17  0  4.880  0.0   2
     1009  23.821316  114.524471     9.317     1576.2    -6696.2     5088.6    855.0    467.9    120.1 2025  7  1 23  0  3.320  0.0   2
     1010  23.952580  114.470866     1.798    -3882.6     7842.2    -2429.0    399.8    176.5    264.1 2025  7  2  0  0  6.220  0.0   2
     1013  23.916964  114.508480     2.542      -52.7     3897.5    -1686.2    253.8    224.8    112.5 2025  7  2  3  0  4.140  0.0   2
     1027  23.844641  114.534123     0.873     2558.9    -4112.7    -3355.4    241.8    210.6    189.5 2025  7  2 17  0  3.800  0.0   2
     1033  23.759664  114.572738     8.529     6494.6   -13524.5     4301.4    283.9    280.7    210.4 2025  7  2 23 59 59.120  0.0   2
     1034  23.825448  114.512850     3.281      391.7    -6238.6     -947.0    194.4    216.3    101.6 2025  7  3  0  0  1.690  0.0   2
     1037  23.877405  114.518563     0.561      973.7     -484.0    -3667.5    149.9    172.7    212.0 2025  7  3  3  0  5.010  0.0   2
     1039  23.928703  114.483529     1.505    -2593.5     5197.5    -2723.2    226.2    291.3    169.8 2025  7  3  5  0  6.950  0.0   2
     1041  23.931779  114.469344     1.289    -4038.0     5538.2    -2938.8    146.3    234.3    113.8 2025  7  3  7  0  7.900  0.0   2
     1042  23.788334  114.528345     2.476     1970.5   -10349.1    -1751.8    181.5    157.4    140.9 2025  7  3  8  0  0.800  0.0   2
     1046  23.843545  114.526506     1.689     1783.1    -4234.3    -2539.5    102.2    156.8     92.3 2025  7  3 12  0  3.640  0.0   2
     1050  23.924011  114.502938     3.105     -617.7     4677.9    -1123.5    325.9    316.6    142.2 2025  7  3 16  0  6.220  0.0   2
     1051  23.947780  114.479272     6.906    -3027.2     7310.6     2678.0    610.4    270.4    156.4 2025  7  3 17  0  5.960  0.0   2
     1054  23.919305  114.500505     1.313     -865.3     4156.7    -2914.7    128.2    243.7    144.9 2025  7  3 20  0  4.840  0.0   2
     1056  23.906118  114.527401     9.147     1873.5     2696.1     4918.8   1003.0    677.4    224.0 2025  7  3 22  0  2.400  0.0   2
     1057  23.811908  114.530412     3.177     2181.4    -7738.2    -1051.4    159.4    175.9    102.3 2025  7  3 23  0  3.060  0.0   2
     1063  23.917352  114.470964     3.442    -3873.7     3940.5     -786.1    272.5    158.9    100.4 2025  7  4  5  0  3.720  0.0   2
     1064  23.804976  114.511727     3.140      278.0    -8505.9    -1088.3    169.8    174.8    101.0 2025  7  4  6  0  2.480  0.0   2
     1067  23.849772  114.537565     0.923     2909.2    -3544.4    -3305.2    147.0    147.0    116.6 2025  7  4  9  0  4.930  0.0   2
     1068  23.914510  114.503955     0.720     -513.8     3625.7    -3508.4    191.7    172.7    118.1 2025  7  4 10  0  6.030  0.0   2
     1069  23.941927  114.521159     9.120     1238.2     6662.2     4891.8    437.7    335.5    190.6 2025  7  4 11  0  3.880  0.0   2
     1071  23.853713  114.528255     1.698     1961.2    -3108.0    -2530.3    226.8    157.6     78.5 2025  7  4 13  0  6.480  0.0   2
     1073  23.886570  114.444246     2.702    -6595.0      531.1    -1526.1    379.5    270.4    316.7 2025  7  4 15  0  2.200  0.0   2
     1075  23.908169  114.449113     5.348    -6098.9     2923.3     1120.4    178.4    274.6    150.4 2025  7  4 17  0  2.640  0.0   2
     1083  23.925775  114.487956     1.619    -2143.0     4873.2    -2609.5    155.2    156.2    111.1 2025  7  5  1  0  3.140  0.0   2
     1084  23.894057  114.422689     4.267    -8790.2     1360.4       38.4    118.7    177.3    169.1 2025  7  5  2  0  1.220  0.0   2
     1087  23.908752  114.453280     3.167    -5674.0     2988.0    -1061.1    217.7    230.2    193.3 2025  7  5  5  0  3.260  0.0   2
     1088  23.801585  114.448820     7.209    -6130.8    -8881.6     2981.2    244.6    536.6    261.2 2025  7  5  6  0  2.830  0.0   2
     1089  23.837885  114.527873     1.139     1922.6    -4861.2    -3089.6    138.2    124.8    184.5 2025  7  5  7  0  6.110  0.0   2
     1090  23.928597  114.471086     2.940    -3860.6     5185.8    -1288.1    258.2    311.9    111.0 2025  7  5  8  0  5.130  0.0   2
     1091  23.781818  114.521346     6.541     1257.4   -11070.9     2312.8   1023.6    410.0    304.0 2025  7  5  9  0  5.120  0.0   2
     1095  23.850403  114.527799     8.893     1914.9    -3474.7     4664.6    460.7    121.8     70.3 2025  7  5 13  0  3.000  0.0   2
     1096  23.914758  114.465332     2.638    -4446.8     3653.2    -1589.8    189.6    204.6    143.6 2025  7  5 14  0  2.820  0.0   2
     1097  23.878497  114.519336     0.542     1052.6     -363.1    -3686.3    228.7    146.3    242.1 2025  7  5 15  0  5.170  0.0   2
     1099  23.883927  114.508252     9.529      -76.0      238.4     5301.4    382.1    389.3     80.2 2025  7  5 17  0  2.960  0.0   2
     1101  23.916101  114.502303     1.317     -682.2     3801.8    -2911.5    129.1    139.0     65.3 2025  7  5 19  0  6.180  0.0   2
     1107  23.917662  114.493343     0.678    -1594.4     3974.6    -3550.3    118.2    133.8     91.5 2025  7  6  1  0  3.900  0.0   2
     1108  23.815505  114.521590     1.580     1282.3    -7339.8    -2648.6    276.4    206.2    101.4 2025  7  6  2  0  6.340  0.0   2
     1109  23.919434  114.496143     1.535    -1309.2     4170.9    -2693.4    146.3    159.5    194.4 2025  7  6  3  0  4.640  0.0   2
     1117  23.847028  114.525342     1.444     1664.5    -3848.6    -2784.0    123.5    124.6     85.1 2025  7  6 11  0  5.630  0.0   2
     1119  23.921281  114.500871     0.260     -827.6     4375.5    -3967.5    108.7    111.9    112.0 2025  7  6 13  0  5.160  0.0   2
     1123  23.936700  114.506307     1.368     -274.6     6083.3    -2860.0    186.4    114.2    140.1 2025  7  6 17  0  2.480  0.0   2
     1124  23.972414  114.499471     4.239     -969.8    10038.9       11.0    174.5    114.9    148.5 2025  7  6 18  0  1.200  0.0   2
     1126  23.853880  114.544987     2.037     3665.2    -3089.5    -2191.1    154.8    146.4    168.7 2025  7  6 20  0  5.400  0.0   2
     1128  23.821564  114.526652     1.238     1798.0    -6668.8    -2990.5    183.6    236.1    105.7 2025  7  6 22  0  6.980  0.0   2
     1130  23.838767  114.524316     0.462     1560.0    -4763.3    -3765.2    196.4    208.4    258.9 2025  7  7  0  0  7.760  0.0   2
     1135  23.942605  114.511060     5.233      209.4     6737.3     1004.5    361.1    248.2    203.5 2025  7  7  5  0  2.210  0.0   2
     1136  23.936115  114.514380     7.735      547.7     6018.4     3506.8    364.3    430.9    214.5 2025  7  7  6  0  2.040  0.0   2
     1137  23.941453  114.527596     4.772     1893.2     6609.8      543.7    372.8    377.8    294.1 2025  7  7  7  0  2.950  0.0   2
     1139  23.921842  114.486898     2.194    -2250.8     4437.8    -2033.9    157.4    194.2    137.1 2025  7  7  9  0  4.980  0.0   2
     1140  23.881541  114.519930     8.830     1112.9      -26.0     4601.6    349.9    450.1    123.6 2025  7  7 11  0  4.280  0.0   2
     1144  23.847115  114.527466     1.699     1880.5    -3838.7    -2529.2    168.8    207.5    135.4 2025  7  7 15  0  4.800  0.0   2
     1148  23.881864  114.491300     0.791    -1802.8        9.9    -3436.5    141.0    143.0    157.1 2025  7  7 19  0  5.700  0.0   2
     1152  23.910819  114.489006     3.195    -2036.1     3216.9    -1032.9    358.2    166.2    104.5 2025  7  7 23  0  3.760  0.0   2
     1159  23.815104  114.537459     1.995     2899.0    -7384.1    -2233.3    179.1    173.6    171.8 2025  7  8  6  0  6.630  0.0   2
     1160  23.909701  114.502808     9.258     -630.9     3093.0     5029.9    833.1    658.9    120.7 2025  7  8  7  0  4.310  0.0   2
     1164  23.922357  114.523975     5.220     1525.1     4494.8      991.7    213.1    252.6    116.3 2025  7  8 11  0  3.690  0.0   2
     1165  23.930379  114.508260     0.876      -75.2     5383.2    -3352.0    143.4    198.8    229.1 2025  7  8 12  0  5.180  0.0   2
     1169  23.922752  114.475081     0.832    -3454.1     4538.4    -3395.3    113.4    169.6    136.6 2025  7  8 16  0  7.460  0.0   2
     1170  23.924259  114.484172     1.023    -2528.6     4705.4    -3205.6    246.7    276.6    117.6 2025  7  8 17  0  7.780  0.0   2
     1171  23.931624  114.482943     1.189    -2653.7     5521.1    -3038.1    237.4    306.3    155.5 2025  7  8 18  0  5.920  0.0   2
     1174  23.926404  114.482023     1.107    -2746.8     4943.0    -3121.2    163.5    182.6     96.8 2025  7  8 21  0  6.260  0.0   2
     1177  23.914246  114.502686     0.366     -643.0     3596.2    -3862.3    123.5    142.2    148.3 2025  7  9  0  0  6.430  0.0   2
     1179  23.917055  114.508944     1.058       -5.7     3907.6    -3170.0    173.9    194.5    175.5 2025  7  9  2  0  6.770  0.0   2
     1181  23.848777  114.533415     1.998     2486.6    -3654.7    -2230.0    246.0    228.9    105.4 2025  7  9  4  0  2.890  0.0   2
     1182  23.934090  114.472241     5.065    -3742.9     5794.2      836.7    421.8    298.6    124.4 2025  7  9  5  0  5.040  0.0   2
     1183  23.915859  114.498348     1.196    -1084.6     3775.0    -3032.5    127.5    156.6     94.0 2025  7  9  6  0  5.490  0.0   2
     1186  23.886289  114.522087     1.309     1332.4      500.1    -2919.5    256.9    295.0    118.4 2025  7  9  9  0  5.180  0.0   2
     1187  23.828798  114.543774     8.741     3542.4    -5867.6     4513.4    388.7    347.4    178.7 2025  7  9 10  0  2.290  0.0   2
     1192  23.904030  114.514193     1.306      528.6     2464.9    -2922.1    194.0    302.9    265.9 2025  7  9 15  0  4.790  0.0   2
     1197  23.948513  114.489990     9.140    -1935.7     7391.5     4912.1    582.5    463.6    243.8 2025  7  9 20  0  4.360  0.0   2
     1198  23.837811  114.529240     1.442     2061.2    -4869.2    -2786.2    187.3    148.0     95.9 2025  7  9 21  0  4.920  0.0   2
     1199  23.916545  114.472803     4.641    -3686.2     3850.9      413.1    336.4    187.1    102.5 2025  7  9 22  0  6.780  0.0   2
     1200  23.722850  114.511979     7.722      303.2   -17602.0     3493.8    489.0    232.0    263.7 2025  7  9 23 59 58.640  0.0   2
     1203  23.788623  114.527970     8.846     1932.4   -10317.2     4617.5    340.5    265.9     88.7 2025  7 10  2  0  0.040  0.0   2
     1204  23.867586  114.513029     6.402      410.2    -1571.5     2174.0    419.6    352.1    176.6 2025  7 10  3  0  3.230  0.0   2
     1205  23.801333  114.530965     1.541     2237.8    -8909.6    -2687.1    374.9    415.3     98.1 2025  7 10  4  0  3.060  0.0   2
     1206  23.933254  114.482804     2.545    -2667.8     5701.7    -1683.0    242.4    260.1    106.6 2025  7 10  5  0  6.260  0.0   2
     1210  23.912231  114.507992     1.933     -102.8     3373.2    -2294.7    170.9    181.5     91.1 2025  7 10  9  0  7.470  0.0   2
     1213  23.845174  114.539412     2.127     3097.7    -4053.9    -2101.5    211.8    215.5     91.6 2025  7 10 12  0  3.640  0.0   2
     1218  23.914549  114.500342     1.306     -881.9     3629.8    -2922.4    147.6    197.2    118.8 2025  7 10 17  0  6.920  0.0   2
     1221  23.813208  114.523421     0.737     1469.2    -7594.2    -3490.8    191.3    179.0     96.6 2025  7 10 20  0  3.360  0.0   2
     1222  23.920162  114.457992     2.945    -5194.3     4251.5    -1283.1    156.1    238.3    129.8 2025  7 10 21  0  4.320  0.0   2
     1223  23.919067  114.500928     0.598     -822.1     4130.3    -3629.0    162.4    201.3    161.8 2025  7 10 22  0  5.640  0.0   2
     1227  23.898313  114.499357     1.078     -982.3     1831.8    -3150.1    140.5    110.1     86.4 2025  7 11  2  0  5.900  0.0   2
     1231  23.890792  114.566317     8.431     5837.4      998.6     4203.0    187.5    262.6     99.5 2025  7 11  6  0  2.140  0.0   2
     1233  23.916475  114.491561     0.097    -1776.2     3843.3    -4131.3    126.8    152.0    225.3 2025  7 11  8  0  4.850  0.0   2
     1241  23.815804  114.534058     9.193     2552.2    -7306.8     4964.7    811.4    671.8    163.4 2025  7 11 16  0  2.450  0.0   2
     1242  23.902374  114.494222     3.286    -1505.4     2281.5     -942.0    266.6    194.0     93.0 2025  7 11 17  0  3.320  0.0   2
     1246  23.934367  114.461963     1.388    -4790.0     5824.9    -2839.7    222.9    254.0    176.0 2025  7 11 21  0  4.380  0.0   2
     1251  23.814644  114.518481     1.664      965.6    -7435.0    -2564.4    183.7    145.2     91.4 2025  7 12  2  0  5.250  0.0   2
     1259  23.919202  114.456177     4.412    -5379.2     4145.2      183.4    138.0    282.9    168.8 2025  7 12 10  0  4.600  0.0   2
     1270  23.920015  114.493245     0.363    -1604.0     4235.4    -3865.5    116.2    161.8    137.2 2025  7 12 21  0  6.320  0.0   2
     1273  23.928444  114.463102     3.975    -4673.9     5168.9     -252.8    262.1    533.7    132.8 2025  7 13  0  0  1.750  0.0   2
     1276  23.917926  114.498494     1.394    -1070.2     4003.9    -2834.5    141.4    152.0     98.2 2025  7 13  3  0  4.130  0.0   2
     1280  23.927846  114.504142     1.878     -494.5     5102.7    -2349.9    167.2    135.9    136.5 2025  7 13  7  0  5.700  0.0   2
     1285  23.832255  114.497860     2.593    -1135.1    -5484.7    -1634.9    186.1    252.5    119.5 2025  7 13 12  0  6.180  0.0   2
     1286  23.925924  114.474585     0.859    -3504.7     4889.8    -3369.2    100.0    284.5    137.1 2025  7 13 13  0  4.450  0.0   2
     1291  23.957210  114.516089     3.588      721.8     8354.9     -639.9    225.2    183.1    213.7 2025  7 13 18  0  2.180  0.0   2
     1292  23.965037  114.539941     8.524     3150.3     9221.8     4295.5    375.6    336.5    276.1 2025  7 13 19  0  0.880  0.0   2
     1297  23.917275  114.487712     9.794    -2167.5     3931.8     5566.2    460.1    568.3    130.5 2025  7 14  0  0  2.730  0.0   2
     1303  23.990452  114.497534     9.462    -1167.2    12036.7     5234.2    149.0     73.8     63.9 2025  7 14  6  0  1.570  0.0   2
     1304  23.844556  114.536328     1.159     2783.9    -4122.3    -3068.8    133.2    182.3     84.0 2025  7 14  7  0  5.390  0.0   2
     1306  23.846716  114.524609     1.308     1589.7    -3883.0    -2919.9    214.1    163.5    147.0 2025  7 14  9  0  5.850  0.0   2
     1307  23.873474  114.490519     1.629    -1882.6     -919.3    -2598.5    133.2    130.8    233.7 2025  7 14 10  0  5.440  0.0   2
     1312  23.847270  114.537183     1.490     2870.2    -3821.6    -2737.9    294.0    264.8    128.7 2025  7 14 15  0  4.610  0.0   2
     1316  23.925610  114.479403     1.927    -3013.9     4855.1    -2301.2    150.0    310.8    121.1 2025  7 14 19  0  5.960  0.0   2
     1329  23.913049  114.495435     9.528    -1381.1     3463.8     5300.2   1408.6   1410.1    339.7 2025  7 15  8  0  4.690  0.0   2
     1330  23.906710  114.514380     3.825      547.6     2761.6     -403.3    240.9    224.8    157.1 2025  7 15  9  0  6.610  0.0   2
     1336  23.871206  114.515340     3.092      645.4    -1170.7    -1136.0     74.5    134.8     48.5 2025  7 15 15  0  4.650  0.0   2
     1338  23.919619  114.506673     0.074     -236.8     4191.4    -4153.0    115.0    188.3    197.4 2025  7 15 17  0  7.400  0.0   2
     1340  23.844263  114.531104     1.431     2251.4    -4154.6    -2797.2    194.4    177.0     90.6 2025  7 15 19  0  6.600  0.0   2
     1347  23.909517  114.504354     1.180     -473.3     3072.8    -3048.0    233.7    172.8    142.9 2025  7 16  2  0  6.890  0.0   2
     1352  23.824902  114.512915     3.851      398.7    -6299.0     -377.2    138.3    171.5    119.0 2025  7 16  7  0  2.110  0.0   2
     1353  23.928923  114.480973     1.103    -2854.2     5221.9    -3124.9    181.1    263.5    124.6 2025  7 16  8  0  6.960  0.0   2
     1354  23.845723  114.535588     0.516     2708.4    -3993.0    -3711.1    160.4    247.8     97.9 2025  7 16  9  0  4.520  0.0   2
     1359  23.845026  114.533008     3.528     2445.5    -4070.2     -699.6    317.5    244.0     76.9 2025  7 16 14  0  5.280  0.0   2
     1361  23.802722  114.547127     9.231     3884.4    -8755.5     5002.7    210.0    351.4     81.2 2025  7 16 15 59 59.970  0.0   2
     1362  23.799532  114.538460     2.918     3001.0    -9108.9    -1310.4    228.4    235.4    101.6 2025  7 16 17  0  2.020  0.0   2
     1375  23.914907  114.497233     0.839    -1198.2     3669.6    -3389.3    149.8    147.3    107.2 2025  7 17  6  0  6.470  0.0   2
     1377  23.925802  114.502010     1.441     -711.8     4876.3    -2787.3    167.0    289.7    177.4 2025  7 17  8  0  6.940  0.0   2
     1383  23.898008  114.509554     3.013       56.2     1797.9    -1215.0    157.1    175.6     66.8 2025  7 17 14  0  4.560  0.0   2
     1389  23.924162  114.501392     2.618     -775.0     4694.6    -1609.8    240.8    242.4    108.5 2025  7 17 20  0  6.940  0.0   2
     1400  23.914174  114.501302     1.092     -784.1     3588.4    -3136.4    133.3    137.3    119.2 2025  7 18  7  0  7.650  0.0   2
     1403  23.888682  114.503825     1.297     -527.2      765.0    -2931.3    346.6    404.1    133.2 2025  7 18 10  0  5.010  0.0   2
     1404  23.901878  114.488542     2.943    -2083.7     2226.6    -1285.5    206.8    156.2    106.8 2025  7 18 11  0  4.340  0.0   2
     1414  23.883101  114.511499     2.562      254.1      146.8    -1666.5    381.5    359.7    193.8 2025  7 18 21  0  4.520  0.0   2
     1416  23.930271  114.471704     1.560    -3797.9     5371.3    -2668.3    140.2    212.1    125.0 2025  7 18 23  0  4.580  0.0   2
     1418  23.910423  114.502482     1.510     -663.9     3173.0    -2717.7    224.9    164.2    108.0 2025  7 19  1  0  5.810  0.0   2
     1422  23.916864  114.497428     0.331    -1178.4     3886.2    -3896.3    134.3    128.2    205.9 2025  7 19  5  0  4.060  0.0   2
     1429  23.888814  114.429761     9.704    -8069.7      779.7     5475.9    393.9    363.6    210.6 2025  7 19 12  0  2.490  0.0   2
     1430  23.815409  114.521143     0.928     1236.8    -7350.4    -3300.0    159.9    120.3    119.4 2025  7 19 13  0  8.650  0.0   2
     1431  23.945099  114.469474     1.328    -4024.8     7013.6    -2900.1    234.8    148.2    179.9 2025  7 19 14  0  2.380  0.0   2
     1440  23.933742  114.503361     1.139     -574.3     5755.6    -3088.8    143.0     94.9     96.8 2025  7 19 23  0  6.200  0.0   2
     1442  23.921987  114.502580     0.466     -654.2     4453.8    -3762.2    134.1    119.5    171.4 2025  7 20  1  0  4.240  0.0   2
     1446  23.816736  114.530054     5.225     2144.7    -7203.6      996.9    248.1    237.8     81.8 2025  7 20  5  0  6.540  0.0   2
     1448  23.917342  114.475684     7.062    -3392.5     3939.3     2834.2    292.0    472.7    146.0 2025  7 20  7  0  3.910  0.0   2
     1450  23.942511  114.478019     2.195    -3154.5     6726.8    -2032.7    245.1    248.4    185.3 2025  7 20  9  0  6.150  0.0   2
     1457  23.929779  114.501416     3.028     -772.6     5316.7    -1199.4    349.3    166.9    114.6 2025  7 20 16  0  5.060  0.0   2
     1458  23.839750  114.522469     0.241     1371.7    -4654.4    -3985.6    158.6    212.3    159.1 2025  7 20 17  0  7.380  0.0   2
     1460  23.926107  114.499756     1.021     -941.5     4910.0    -3206.8    131.1    109.4    121.1 2025  7 20 19  0  6.820  0.0   2
     1461  23.883838  114.537199     9.101     2871.6      228.4     4873.3    215.2    316.8     79.9 2025  7 20 20  0  2.480  0.0   2
     1464  23.932076  114.481901     2.313    -2759.7     5571.1    -1914.7    255.4    339.6    118.6 2025  7 20 23  0  5.280  0.0   2
     1469  23.928094  114.473576     0.516    -3607.6     5130.1    -3710.7    143.8    236.7    100.4 2025  7 21  4  0  7.330  0.0   2
     1470  23.930953  114.493856     9.177    -1542.3     5446.9     4948.5    403.7    391.2    118.4 2025  7 21  5  0  4.930  0.0   2
     1472  23.919171  114.487817     1.932    -2157.2     4141.9    -2295.7    195.3    199.4    123.0 2025  7 21  7  0  5.580  0.0   2
     1475  23.901099  114.583057     8.534     7541.7     2140.3     4305.6    894.3   1390.8    773.6 2025  7 21 10  0  2.670  0.0   2
     1480  23.922101  114.480729     1.725    -2878.7     4466.3    -2503.3    145.2    155.8     86.9 2025  7 21 15  0  7.850  0.0   2
     1482  23.812028  114.534806     2.444     2628.7    -7724.8    -1784.3    215.2    200.6    132.3 2025  7 21 17  0  4.900  0.0   2
     1483  23.876558  114.497819     9.610    -1138.9     -577.7     5381.9   1902.6   1383.8    361.6 2025  7 21 18  0  2.540  0.0   2
     1485  23.927747  114.506421     1.266     -262.3     5091.7    -2962.4    166.9    146.6    129.6 2025  7 21 20  0  6.360  0.0   2
     1487  23.927600  114.480811     7.619    -2870.1     5075.5     3390.9    447.2    436.0    218.3 2025  7 21 22  0  4.940  0.0   2
     1490  23.721316  114.507340     6.672     -168.8   -17771.9     2443.8    429.1    223.0    291.4 2025  7 22  1  0  4.330  0.0   2
     1491  23.836772  114.535295     2.630     2678.2    -4984.3    -1598.3    237.9    169.4    113.0 2025  7 22  2  0  3.700  0.0   2
     1495  23.926349  114.478792     2.132    -3076.2     4936.7    -2096.5    147.0    294.9    114.3 2025  7 22  6  0  7.270  0.0   2
     1499  23.962193  114.502620     8.448     -649.8     8906.8     4221.1    615.2    293.7    218.4 2025  7 22 10  0  5.320  0.0   2
     1501  23.897880  114.513118     0.407      419.7     1783.8    -3820.5    170.3    190.0    162.5 2025  7 22 12  0  5.840  0.0   2
     1503  23.817442  114.522738     0.827     1399.5    -7125.3    -3401.4    213.5    200.2    147.0 2025  7 22 14  0  4.390  0.0   2
     1504  23.821043  114.519572     9.239     1076.8    -6726.4     5011.2    323.4    280.1     94.4 2025  7 22 15  0  1.920  0.0   2
     1506  23.861348  114.524463     1.154     1574.6    -2262.4    -3074.5    320.9    149.5    138.5 2025  7 22 17  0  5.680  0.0   2
     1508  23.919700  114.497046     1.465    -1217.7     4200.4    -2763.1    153.1    140.4     85.9 2025  7 22 19  0  7.820  0.0   2
     1514  23.757147  114.567920     8.003     6003.8   -13803.3     3774.4    306.4    259.4    213.8 2025  7 23  1  0  0.830  0.0   2
     1516  23.845125  114.530160     0.572     2155.4    -4059.1    -3655.6    158.1    179.6    135.8 2025  7 23  3  0  5.520  0.0   2
     1518  23.803048  114.542244     8.950     3387.0    -8719.5     4723.4    205.2    316.7     91.5 2025  7 23  5  0  2.780  0.0   2
     1522  23.885225  114.522111     2.631     1335.3      382.3    -1597.4    169.0    244.3     79.5 2025  7 23  9  0  5.110  0.0   2
     1527  23.912966  114.481779     1.761    -2772.4     3454.6    -2466.9    321.2    170.2    178.1 2025  7 23 14  0  7.370  0.0   2
     1530  23.811348  114.527197     9.088     1854.1    -7800.1     4859.5    796.5    581.2    175.8 2025  7 23 17  0  3.920  0.0   2
     1532  23.806952  114.502637     2.891     -648.6    -8287.1    -1337.2    130.8    207.7    103.3 2025  7 23 19  0  3.120  0.0   2
     1534  23.808195  114.519727     3.318     1092.4    -8149.4     -909.8    217.7    150.2     62.4 2025  7 23 21  0  3.560  0.0   2
     1537  23.842332  114.516854     3.309      799.8    -4368.4     -918.9    199.5    243.9    134.4 2025  7 24  0  0  5.260  0.0   2
     1540  23.847430  114.535726     6.477     2722.1    -3803.9     2249.2    373.7    270.1    129.0 2025  7 24  3  0  5.820  0.0   2
     1543  23.854510  114.541382     5.024     3298.3    -3019.8      796.2    399.7    299.8    149.1 2025  7 24  6  0  4.270  0.0   2
     1544  23.919324  114.474854     0.727    -3477.0     4158.7    -3499.8    146.4     99.7    131.1 2025  7 24  7  0  6.500  0.0   2
     1546  23.919761  114.495410     1.249    -1383.9     4207.2    -2979.0    118.8    156.5    167.5 2025  7 24  9  0  6.830  0.0   2
     1562  23.818766  114.523584     1.829     1485.2    -6978.6    -2398.7    191.4    127.8     90.2 2025  7 25  1  0  5.740  0.0   2
     1567  23.875704  114.539762     9.245     3132.7     -672.4     5017.4    346.4    331.6    121.6 2025  7 25  6  0  4.450  0.0   2
     1568  23.924392  114.482267     3.762    -2722.3     4720.1     -466.5    323.5    379.0    105.3 2025  7 25  7  0  5.590  0.0   2
     1570  23.917769  114.500513     0.476     -864.6     3986.6    -3750.7    136.9    113.9     93.5 2025  7 25  9  0  7.660  0.0   2
     1572  23.846431  114.533309     0.913     2476.0    -3914.5    -3314.8    226.5    160.0    112.0 2025  7 25 11  0  6.650  0.0   2
     1574  23.908077  114.497135     4.655    -1208.4     2913.2      426.9    373.6    236.2    107.1 2025  7 25 13  0  4.010  0.0   2
     1576  23.900903  114.490609     4.048    -1872.9     2118.6     -180.3    336.0    226.6    132.1 2025  7 25 15  0  4.790  0.0   2
     1577  23.909045  114.459521     1.878    -5038.8     3020.4    -2349.4    182.4    179.6    184.3 2025  7 25 16  0  4.730  0.0   2
     1578  23.925120  114.478418     0.513    -3114.2     4800.7    -3713.9    127.2    197.3    157.0 2025  7 25 17  0  6.160  0.0   2
     1589  23.913788  114.499813     0.346     -935.5     3545.6    -3882.6    134.3    208.0    210.3 2025  7 26  4  0  6.650  0.0   2
     1593  23.921120  114.499080     0.191    -1010.2     4357.7    -4036.9    112.3    168.1    200.2 2025  7 26  8  0  4.320  0.0   2
     1599  23.921273  114.478182     2.144    -3138.1     4374.5    -2084.5    155.5    192.4     93.6 2025  7 26 14  0  5.750  0.0   2
     1602  23.932426  114.508936     0.849       -6.8     5610.0    -3379.0    168.7    105.0    139.6 2025  7 26 17  0  4.380  0.0   2
     1603  23.950602  114.480501     3.590    -2901.4     7623.0     -637.9    313.1    191.3    159.2 2025  7 26 18  0  3.600  0.0   2
     1604  23.933598  114.511043     9.222      208.1     5739.6     4994.0    439.9    434.2    163.4 2025  7 26 19  0  2.540  0.0   2
     1614  23.844194  114.531738     0.799     2316.0    -4162.4    -3429.1    149.3    150.9     84.2 2025  7 27  5  0  7.100  0.0   2
     1615  23.928050  114.525643     3.976     1694.7     5125.2     -252.2    166.7    295.0    144.9 2025  7 27  6  0  4.360  0.0   2
     1617  23.876833  114.502425     6.542     -669.4     -547.4     2313.4    162.2    153.7     74.8 2025  7 27  8  0  4.880  0.0   2
     1619  23.932894  114.490389     7.644    -1895.0     5661.8     3415.8    609.9    400.5    223.5 2025  7 27 10  0  5.040  0.0   2
     1621  23.799548  114.535099     0.217     2658.8    -9107.0    -4011.1    169.2    314.7    221.4 2025  7 27 12  0  7.480  0.0   2
     1625  23.857540  114.549316     2.359     4106.6    -2684.3    -1868.8    130.4    180.9    196.3 2025  7 27 16  0  6.110  0.0   2
     1631  23.919515  114.514038     3.609      512.9     4179.9     -619.5    366.7    574.8    219.7 2025  7 27 22  0  4.940  0.0   2
     1633  23.900641  114.504215     1.109     -487.6     2089.6    -3118.8    201.0    167.4    172.9 2025  7 28  0  0  6.220  0.0   2
     1639  23.935482  114.502677     1.299     -644.1     5948.5    -2929.3    157.1     76.4    104.4 2025  7 28  6  0  7.390  0.0   2
     1644  23.876982  114.527384     4.367     1872.3     -530.9      139.2    543.6    179.7     95.0 2025  7 28 11  0  4.780  0.0   2
     1652  23.819183  114.559945     8.819     5189.9    -6932.4     4590.5    525.8    747.8    255.7 2025  7 28 19  0  2.440  0.0   2
     1654  23.909111  114.505998     1.097     -306.0     3027.5    -3130.7    178.3    224.5    230.2 2025  7 28 21  0  6.840  0.0   2
     1662  23.935500  114.480184     2.237    -2934.2     5950.4    -1991.1    267.0    153.2    116.3 2025  7 29  5  0  7.590  0.0   2
     1663  23.794686  114.520076     9.394     1128.8    -9645.7     5165.6    301.0    363.5     93.4 2025  7 29  6  0  1.740  0.0   2
     1664  23.926143  114.476261     1.318    -3333.6     4914.1    -2910.1    179.0    307.5    138.9 2025  7 29  7  0  7.960  0.0   2
     1674  23.832487  114.502515     1.214     -660.9    -5458.9    -3013.7    329.2    422.4    526.9 2025  7 29 17  0  4.420  0.0   2
     1676  23.915175  114.497713     0.643    -1149.1     3699.3    -3585.0    197.2    182.4    107.7 2025  7 29 19  0  8.120  0.0   2
     1677  23.805790  114.542301     1.950     3392.1    -8415.7    -2278.1    168.0    209.0    124.5 2025  7 29 20  0  4.700  0.0   2
     1678  23.918329  114.503540     0.781     -555.9     4048.6    -3447.5    127.0    130.9     97.5 2025  7 29 21  0  8.420  0.0   2
     1679  23.803762  114.535417     1.643     2691.0    -8640.4    -2585.3    166.7    229.2    122.3 2025  7 29 22  0  5.880  0.0   2
     1684  23.850205  114.539982     1.549     3155.7    -3496.5    -2678.6    170.8    183.6     84.0 2025  7 30  3  0  5.260  0.0   2
     1690  23.925551  114.503377     0.670     -572.3     4848.4    -3558.6    143.8    220.4    227.6 2025  7 30  9  0  9.030  0.0   2
     1691  23.914972  114.455868     6.149    -5410.9     3676.7     1921.0    398.0    462.0    194.2 2025  7 30 10  0  5.450  0.0   2
     1695  23.806854  114.528931     1.580     2030.2    -8297.8    -2648.5    231.9    176.0     96.1 2025  7 30 14  0  4.830  0.0   2
     1696  23.877183  114.524691     1.616     1597.6     -508.6    -2611.8    282.0    161.0     97.4 2025  7 30 15  0  6.850  0.0   2
     1701  23.950564  114.471208     4.099    -3848.0     7618.8     -129.5    388.9    209.0    165.0 2025  7 30 20  0  5.480  0.0   2
     1702  23.913810  114.503532     0.732     -557.2     3548.2    -3495.7    200.1    199.5    160.0 2025  7 30 21  0  6.840  0.0   2
     1712  23.848519  114.542920     1.299     3455.0    -3683.2    -2929.1    158.5    175.4    174.4 2025  7 31  7  0  6.020  0.0   2
     1724  23.844653  114.521655     1.892     1288.8    -4111.5    -2335.9    170.5    214.4    118.3 2025  7 31 20  0  6.840  0.0   2
     1729  23.849858  114.536670     0.517     2817.9    -3535.0    -3710.3    152.1    164.1    208.8 2025  8  1  1  0  9.000  0.0   2
     1731  23.919366  114.502140     0.549     -699.0     4163.5    -3679.5    225.5    197.9    130.2 2025  8  1  3  0  5.710  0.0   2
     1737  23.931653  114.456559     7.570    -5340.0     5524.2     3341.6    276.1    566.7    163.9 2025  8  1  9  0  4.300  0.0   2
     1741  23.923157  114.499251     1.988     -993.0     4583.3    -2240.3    201.6    347.2    158.0 2025  8  1 13  0  4.470  0.0   2
     1750  23.922919  114.497127     0.558    -1209.3     4556.9    -3669.7    115.1    154.5    145.2 2025  8  1 22  0  4.600  0.0   2
     1752  23.933844  114.475317     1.575    -3429.7     5767.1    -2653.1    160.4    187.3    108.8 2025  8  2  0  0  3.920  0.0   2
     1764  23.924231  114.498527     0.936    -1066.3     4702.3    -3292.3    125.9    131.8    136.5 2025  8  2 12  0  5.620  0.0   2
     1767  23.922557  114.550293     9.074     4204.5     4516.7     4846.2    279.0    911.9    197.3 2025  8  2 15  0  3.970  0.0   2
     1781  23.851223  114.519466     3.441     1066.4    -3383.9     -787.2    258.0    270.4    123.7 2025  8  3  5  0  5.990  0.0   2
     1783  23.819344  114.525195     0.714     1649.6    -6914.6    -3513.3    199.6    228.5    145.4 2025  8  3  7  0  8.280  0.0   2
     1785  23.919562  114.501465     0.429     -767.1     4185.0    -3799.3    193.2    168.4    127.8 2025  8  3  9  0  6.930  0.0   2
     1786  23.915859  114.513094     2.371      416.8     3775.0    -1857.0    174.6    236.1    130.1 2025  8  3 10  0  6.450  0.0   2
     1791  23.884257  114.527336     2.439     1867.7      274.9    -1789.1    236.3    163.9     83.2 2025  8  3 15  0  5.700  0.0   2
     1799  23.930092  114.482910     0.981    -2656.5     5351.4    -3246.5    125.7    220.9     84.9 2025  8  3 23  0  9.000  0.0   2
     1810  23.859460  114.545142     2.103     3681.4    -2471.4    -2125.6    195.8    165.2    162.3 2025  8  4 10  0  5.100  0.0   2
     1812  23.943911  114.540007     9.026     3156.6     6881.9     4798.0    660.5    808.4    457.8 2025  8  4 12  0  4.680  0.0   2
     1815  23.848509  114.526750     0.573     1808.0    -3684.4    -3655.2    158.7    115.9     97.6 2025  8  4 15  0  6.680  0.0   2
     1823  23.912299  114.503776     1.861     -531.9     3380.6    -2367.1    186.6    181.8     97.8 2025  8  4 23  0  7.660  0.0   2
     1825  23.919198  114.498966     0.432    -1022.1     4144.7    -3795.6    174.8    141.9    168.2 2025  8  5  1  0  8.620  0.0   2
     1832  23.844167  114.535571     0.367     2706.2    -4165.2    -3860.1    119.7    114.5    149.7 2025  8  5  8  0  5.860  0.0   2
     1841  23.785728  114.527083     2.189     1841.9   -10637.9    -2039.1    201.8    155.6    150.6 2025  8  5 17  0  3.640  0.0   2
     1844  23.888808  114.525773     0.289     1708.3      779.0    -3938.6    381.8    361.8    422.6 2025  8  5 20  0  7.320  0.0   2
     1852  23.841583  114.538135     1.130     2967.3    -4451.5    -3098.5    134.3    178.8    118.7 2025  8  6  4  0  6.090  0.0   2
     1860  23.845046  114.538110     3.138     2964.9    -4067.9    -1090.0    217.4    286.6    134.1 2025  8  6 12  0  5.740  0.0   2
     1864  23.852028  114.558114     4.829     5002.7    -3294.6      600.6    163.7    302.5    106.0 2025  8  6 16  0  5.500  0.0   2
     1865  23.807633  114.508708     4.220      -29.8    -8211.7       -8.3    221.4    201.4    103.2 2025  8  6 17  0  5.300  0.0   2
     1867  23.903090  114.506730     1.999     -231.6     2360.8    -2228.7    157.2    120.6    105.1 2025  8  6 19  0  7.600  0.0   2
     1871  23.923730  114.474715     1.254    -3491.4     4646.9    -2973.7    116.4    119.7    113.7 2025  8  6 23  0  6.620  0.0   2
     1875  23.854903  114.545435     9.073     3710.9    -2976.1     4844.9    365.8    287.1    121.7 2025  8  7  3  0  5.170  0.0   2
     1876  23.896395  114.451286     2.907    -5877.6     1619.2    -1320.9    222.9    204.7    229.9 2025  8  7  4  0  6.160  0.0   2
     1877  23.920443  114.458187     5.437    -5174.7     4282.7     1209.2    298.3    416.1    181.6 2025  8  7  5  0  6.210  0.0   2
     1883  23.937408  114.459172     3.325    -5073.6     6161.7     -903.1    377.0    326.1    175.2 2025  8  7 11  0  5.060  0.0   2
     1892  23.911987  114.503369     2.289     -573.2     3346.3    -1939.5    286.6    199.9    119.0 2025  8  7 20  0  5.480  0.0   2
     1894  23.928587  114.478182     0.347    -3138.3     5184.7    -3880.0    103.7    140.9    124.3 2025  8  7 22  0  6.060  0.0   2
     1907  23.917424  114.495085     1.371    -1416.9     3948.3    -2857.0    131.3    172.1     80.5 2025  8  8 11  0  6.700  0.0   2
     1908  23.936381  114.480143     3.021    -2938.5     6048.1    -1205.9    373.8    279.0    122.7 2025  8  8 12  0  6.210  0.0   2
     1911  23.946448  114.464095     2.673    -4572.4     7162.8    -1555.3    369.4    322.3    232.6 2025  8  8 15  0  3.990  0.0   2
     1916  23.920933  114.504297     0.901     -478.6     4337.1    -3327.1    233.6    175.9    111.2 2025  8  8 20  0  6.360  0.0   2
     1926  23.934139  114.478247     1.796    -3131.6     5799.6    -2431.6    234.4    246.4    118.4 2025  8  9  6  0  6.380  0.0   2
     1927  23.932072  114.485278     4.398    -2415.6     5570.7      169.6    356.2    413.1    143.2 2025  8  9  7  0  6.070  0.0   2
     1933  23.887345  114.520410     0.341     1162.4      617.0    -3886.1    189.8    311.6    212.6 2025  8  9 13  0  7.040  0.0   2
     1937  23.925240  114.479500     1.109    -3003.8     4813.9    -3118.4    188.9    271.7    190.3 2025  8  9 17  0  7.680  0.0   2
     1939  23.931401  114.497949     9.136    -1125.4     5496.4     4908.3    378.9    519.5    164.7 2025  8  9 19  0  5.760  0.0   2
     1943  23.933085  114.535002     9.057     2647.4     5682.9     4829.3    395.4    524.2    204.1 2025  8  9 23  0  4.000  0.0   2
     1950  23.939353  114.534432     8.923     2589.4     6377.3     4695.1    375.6    383.2    192.7 2025  8 10  6  0  4.400  0.0   2
     1957  23.927016  114.482170     1.303    -2732.4     5010.8    -2925.0    157.8    187.3    112.9 2025  8 10 13  0  8.470  0.0   2
     1962  23.926536  114.507023     1.389     -201.3     4957.6    -2839.6    142.9    182.5    134.5 2025  8 10 18  0  7.500  0.0   2
     1970  23.797841  114.545158     1.550     3683.8    -9296.2    -2678.2    219.7    418.2    161.7 2025  8 11  2  0  5.540  0.0   2
     1981  23.842460  114.537264     2.508     2878.7    -4354.4    -1720.3    221.2    207.0     78.3 2025  8 11 13  0  5.520  0.0   2
     1986  23.907045  114.557617     8.117     4951.2     2798.9     3889.1    304.8    360.5    203.6 2025  8 11 18  0  5.560  0.0   2
     2000  23.807857  114.537712     1.736     2924.9    -8186.9    -2492.5    153.2    169.5     91.1 2025  8 12  8  0  4.350  0.0   2
     2004  23.889838  114.505265     0.356     -380.6      893.1    -3871.0    274.2    327.8    326.2 2025  8 12 12  0  8.260  0.0   2
     2011  23.916266  114.499300     0.823     -987.9     3820.1    -3404.7    133.0    196.4     79.0 2025  8 12 19  0  8.400  0.0   2
     2018  23.898236  114.510881     1.894      191.1     1823.2    -2334.1    179.5    122.9     94.7 2025  8 13  2  0  8.830  0.0   2
     2024  23.923301  114.472103     0.086    -3757.2     4599.3    -4142.6    150.5    174.0    363.9 2025  8 13  8  0  8.060  0.0   2
     2027  23.913782  114.501847     1.454     -728.0     3544.9    -2774.4    165.5    147.3    107.4 2025  8 13 11  0  8.950  0.0   2
     2040  23.934532  114.472249     1.585    -3742.2     5843.3    -2642.8    186.7    269.4    158.7 2025  8 14  0  0  6.180  0.0   2
     2043  23.918858  114.496859     0.497    -1236.6     4107.1    -3730.8    148.2    202.4    106.0 2025  8 14  3  0  7.110  0.0   2
     2052  23.910476  114.469914     2.232    -3980.7     3178.7    -1996.4    230.6    155.1    133.5 2025  8 14 12  0  5.240  0.0   2
     2062  23.838416  114.531510     1.652     2292.6    -4802.4    -2576.1    286.7    163.2    122.5 2025  8 14 22  0  8.520  0.0   2
     2073  23.964345  114.479679     4.994    -2984.9     9145.2      766.0    277.2    120.5    111.7 2025  8 15  9  0  3.880  0.0   2
     2077  23.970538  114.461344     5.423    -4851.9     9831.2     1194.7    191.9    129.5    102.2 2025  8 15 13  0  4.830  0.0   2
     2081  23.921600  114.501392     0.505     -775.0     4410.9    -3723.0     90.9    230.9    182.4 2025  8 15 17  0  6.360  0.0   2
     2089  23.919210  114.503532     0.383     -557.2     4146.1    -3845.4    173.7    168.9    252.2 2025  8 16  1  0  8.160  0.0   2
     2103  23.855080  114.560034     3.088     5197.9    -2956.6    -1140.2    222.6    341.0    225.4 2025  8 16 15  0  7.200  0.0   2
     2112  23.919692  114.494084     9.160    -1519.0     4199.6     4931.6    510.6    653.5    126.7 2025  8 17  0  0  5.630  0.0   2
     2113  23.850100  114.537085     1.177     2860.6    -3508.2    -3049.6    131.1    158.7    131.0 2025  8 17  1  0  7.710  0.0   2
     2116  23.854757  114.539958     2.712     3152.9    -2992.4    -1516.1    163.7    196.3     85.0 2025  8 17  4  0  7.850  0.0   2
     2121  23.812539  114.528166     0.839     1952.7    -7668.3    -3389.1    287.7    148.8    196.0 2025  8 17  9  0  7.810  0.0   2
     2130  23.903583  114.526457     2.063     1777.9     2415.5    -2165.4    156.0    183.3    211.9 2025  8 17 18  0  7.000  0.0   2
     2135  23.918677  114.498625     0.350    -1056.6     4087.2    -3877.3    104.6    113.8    155.0 2025  8 17 23  0  9.680  0.0   2
     2137  23.913517  114.502995     0.941     -611.7     3515.8    -3287.3    129.1    137.5    161.5 2025  8 18  1  0  9.440  0.0   2
     2151  23.936613  114.485555     1.491    -2387.7     6073.6    -2736.8    222.0    173.9    128.6 2025  8 18 15  0  9.450  0.0   2
     2159  23.920239  114.497616     0.198    -1159.2     4260.2    -4030.1    122.0    146.3    172.8 2025  8 18 23  0 10.740  0.0   2
     2172  23.844460  114.539168     0.852     3072.6    -4132.8    -3376.0    198.8    248.1    145.1 2025  8 19 12  0  7.080  0.0   2
     2203  23.990869  114.505021     8.698     -405.1    12082.8     4469.6    116.4     71.7     66.2 2025  8 20 19  0  4.200  0.0   2
     2207  23.923195  114.465047     1.711    -4475.5     4587.6    -2517.5    164.6    201.3    139.0 2025  8 20 23  0  7.780  0.0   2
     2211  23.937309  114.477100     3.020    -3247.9     6150.8    -1207.6    345.1    212.7     97.8 2025  8 21  3  0  5.740  0.0   2
     2212  23.923197  114.498966     9.204    -1022.1     4587.9     4975.9    497.5    952.3     99.8 2025  8 21  4  0  4.630  0.0   2
     2213  23.930048  114.449976     2.719    -6010.6     5346.4    -1509.5    185.5    550.0    185.8 2025  8 21  5  0  5.640  0.0   2
     2216  23.845933  114.528971     0.398     2034.2    -3969.6    -3829.6    142.1    153.9    143.4 2025  8 21  8  0  9.560  0.0   2
     2219  23.919975  114.498730     1.158    -1046.1     4231.0    -3069.9    135.1    183.3     95.0 2025  8 21 11  0  8.670  0.0   2
     2220  23.938521  114.475643     1.083    -3396.8     6284.9    -3144.7    142.7    118.1    100.3 2025  8 21 12  0  5.710  0.0   2
     2222  23.924556  114.475480     1.118    -3413.5     4738.3    -3108.8    159.1    144.5    137.9 2025  8 21 14  0  6.220  0.0   2
     2229  23.914471  114.497624     0.944    -1158.8     3621.3    -3284.4    148.6    111.6    124.7 2025  8 21 21  0  8.560  0.0   2
     2230  23.931425  114.474219     0.505    -3541.6     5499.1    -3722.0    121.1    172.7    127.4 2025  8 21 22  0  5.760  0.0   2
     2233  23.914850  114.491699     1.985    -1762.0     3663.2    -2242.9    199.2    274.0    111.3 2025  8 22  1  0  6.330  0.0   2
     2238  23.929411  114.473812     0.652    -3583.5     5275.9    -3576.0    130.2    196.9    120.6 2025  8 22  6  0  7.730  0.0   2
     2239  23.919869  114.472404     0.615    -3726.8     4219.2    -3612.8    166.3    165.4    148.7 2025  8 22  7  0  7.850  0.0   2
